remote_unit_id,time_stamp,entries,exits,num_people_exited,sum_exit_entry,week_num,z_score_num_people_exited,z_score_sum_exit_entry
R125,1546300800,0,0,0,0,1,0.21468284205596463,-0.9507477329561929
R125,1546315200,34,60,26,94,1,0.3203311807333479,-0.609484704525331
R125,1546329600,16,22,6,38,1,0.23906322790459153,-0.8127903384841423
R125,1546344000,50,62,12,112,1,0.26344361375321845,-0.5441364650385703
R125,1546358400,79,122,43,201,1,0.38940894063779075,-0.2210257253540309
R125,1546372800,120,73,-47,193,1,0.02370315290838727,-0.2500693873481468
R125,1546387200,50,24,-26,74,1,0.10903450337858141,-0.6820938595106207
R125,1546401600,9,7,-2,16,1,0.206556046773089,-0.8926604089679611
R125,1546416000,37,117,80,154,1,0.5397546533709899,-0.3916572395694618
R125,1546430400,113,452,339,565,1,1.5921746425033843,1.1004608953782424
R125,1546444800,329,157,-172,486,1,-0.48422155227133973,0.813654733186348
R125,1546459200,780,118,-662,898,1,-2.4752863965758696,2.309403325883317
R125,1546473600,129,45,-84,174,1,-0.12664255982481193,-0.31904808458417205
R125,1546488000,31,11,-20,42,1,0.13341488922720832,-0.7982685074870843
R125,1546502400,42,128,86,170,1,0.5641350392196168,-0.33356991558123
R125,1546516800,121,415,294,536,1,1.4093217486386824,0.9951776206495723
R125,1546531200,311,133,-178,444,1,-0.5086019381199666,0.6611755077172395
R125,1546545600,821,102,-719,923,1,-2.706900062137825,2.400164769614929
R125,1546560000,120,49,-71,169,1,-0.07381839048612032,-0.3372003733304945
R125,1546574400,30,12,-18,42,1,0.14154168451008395,-0.7982685074870843
R125,1546588800,42,104,62,146,1,0.46661349582510925,-0.4207009015635777
R125,1546603200,125,454,329,579,1,1.551540666089006,1.1512873038679452
R125,1546617600,295,177,-118,472,1,-0.26479807963369767,0.7628283246966452
R125,1546632000,754,114,-640,868,1,-2.3858916484642374,2.200489593405382
R125,1546646400,119,43,-76,162,1,-0.0941353786933094,-0.3626135775753459
R125,1546660800,35,10,-25,45,1,0.11309790102001922,-0.7873771342392909
R125,1546675200,11,22,11,33,1,0.2593802161117806,-0.8309426272304647
R125,1546689600,59,52,-7,111,1,0.18623905856589992,-0.5477669227878348
R125,1546704000,105,84,-21,189,1,0.1293514915857705,-0.26459121834520477
R125,1546718400,107,45,-62,152,1,-0.03724781171317997,-0.3989181550679908
R125,1546732800,52,39,-13,91,1,0.16185867271727303,-0.6203760777731245
R125,1546747200,18,19,1,37,1,0.21874623969740245,-0.8164207962334068
R125,1546761600,17,12,-5,29,1,0.19436585384877555,-0.8454644582275227
R125,1546776000,51,36,-15,87,1,0.1537318774343974,-0.6348979087701825
R125,1546790400,105,79,-26,184,1,0.10903450337858141,-0.2827435070915272
R125,1546804800,82,79,-3,161,1,0.2024926491316512,-0.3662440353246104
R125,1546819200,42,26,-16,68,1,0.14966847979295958,-0.7038766060062077
R125,1546833600,11,4,-7,15,1,0.18623905856589992,-0.8962908667172256
R125,1546848000,36,122,86,158,1,0.5641350392196168,-0.37713540857240385
R125,1546862400,112,529,417,641,1,1.909119658535534,1.3763756843223436
R125,1546876800,304,134,-170,438,1,-0.4760947569884641,0.6393927612216526
R125,1546891200,905,97,-808,1002,1,-3.0685424522257905,2.6869709318068233
R125,1546905600,98,30,-68,128,2,0.05322700932621209,-0.3433413604863342
R125,1546920000,1,5,4,6,2,0.272218133411199,-0.6751490299720273
R125,1546934400,32,94,62,126,2,0.4486276500352162,-0.3487808304779029
R125,1546948800,127,511,384,638,2,1.4280046216375186,1.0437234873636942
R125,1546963200,305,121,-184,426,2,-0.2995920239218223,0.46713966825740794
R125,1546977600,887,125,-762,1012,2,-2.057604103381856,2.0609043757870484
R125,1546992000,103,30,-73,133,2,0.03801929237586578,-0.3297426855074123
R125,1547006400,1,3,2,4,2,0.26613504663106047,-0.680588499963596
R125,1547020800,42,143,101,185,2,0.5672478422479175,-0.1883164657266251
R125,1547035200,142,524,382,666,2,1.4219215348573802,1.1198760672456565
R125,1547049600,335,123,-212,458,2,-0.38475523884376167,0.5541711881225078
R125,1547064000,929,118,-811,1047,2,-2.20663972949525,2.1560951006395013
R125,1547078400,109,18,-91,127,2,-0.016728488645380943,-0.34606109548211855
R125,1547092800,1,5,4,6,2,0.272218133411199,-0.6751490299720273
R125,1547107200,41,119,78,160,2,0.4972923442763244,-0.25630984062123435
R125,1547121600,121,553,432,674,2,1.5739987043608432,1.1416339472119315
R125,1547136000,358,145,-213,503,2,-0.38779678223383096,0.6765592629328044
R125,1547149491,812,123,-689,935,2,-1.8355714359067998,1.851484781111652
R125,1547149571,2,0,-2,2,2,0.2539688730707834,-0.6860279699551648
R125,1547149652,1,0,-1,1,2,0.25701041646085265,-0.6887477049509492
R125,1547149732,2,5,3,7,2,0.2691765900211297,-0.6724292949762429
R125,1547149813,1,0,-1,1,2,0.25701041646085265,-0.6887477049509492
R125,1547149894,1,0,-1,1,2,0.25701041646085265,-0.6887477049509492
R125,1547149975,1,0,-1,1,2,0.25701041646085265,-0.6887477049509492
R125,1547150055,3,0,-3,3,2,0.25092732968071413,-0.6833082349593804
R125,1547150136,3,1,-2,4,2,0.2539688730707834,-0.680588499963596
R125,1547150217,4,0,-4,4,2,0.2478857862906449,-0.680588499963596
R125,1547150297,3,0,-3,3,2,0.25092732968071413,-0.6833082349593804
R125,1547150378,1,0,-1,1,2,0.25701041646085265,-0.6887477049509492
R125,1547150400,1257,7,-1250,1264,2,-3.541877277735656,2.7462775947247096
R125,1547164800,108,37,-71,145,2,0.044102379156004304,-0.2971058655579999
R125,1547179200,3,11,8,14,2,0.28438430697147604,-0.6533911500057523
R125,1547193600,38,122,84,160,2,0.5155416046167399,-0.25630984062123435
R125,1547208000,135,467,332,602,2,1.269844365353917,0.9458130275154569
R125,1547222400,437,136,-301,573,2,-0.655452600559926,0.8669407126377102
R125,1547236800,1215,112,-1103,1327,2,-3.0947703993954745,2.9176208994591253
R125,1547251200,94,23,-71,117,2,0.044102379156004304,-0.3732584454399622
R125,1547265600,0,0,0,0,2,0.26005195985092194,-0.6914674399467335
R125,1547280000,2,1,-1,3,2,0.25701041646085265,-0.6833082349593804
R125,1547294400,3,3,0,6,2,0.26005195985092194,-0.6751490299720273
R125,1547308800,2,3,1,5,2,0.2630935032409912,-0.6778687649678117
R125,1547323200,2,0,-2,2,2,0.2539688730707834,-0.6860279699551648
R125,1547337600,2,3,1,5,2,0.2630935032409912,-0.6778687649678117
R125,1547352000,1,2,1,3,2,0.2630935032409912,-0.6833082349593804
R125,1547366400,0,3,3,3,2,0.2691765900211297,-0.6833082349593804
R125,1547380800,0,0,0,0,2,0.26005195985092194,-0.6914674399467335
R125,1547395200,0,1,1,1,2,0.2630935032409912,-0.6887477049509492
R125,1547409600,2,1,-1,3,2,0.25701041646085265,-0.6833082349593804
R125,1547424000,1,1,0,2,2,0.26005195985092194,-0.6860279699551648
R125,1547438400,0,2,2,2,2,0.26613504663106047,-0.6860279699551648
R125,1547452800,40,124,84,164,2,0.5155416046167399,-0.2454309006380969
R125,1547467200,130,504,374,634,2,1.397589187736826,1.0328445473805568
R125,1547481600,322,114,-208,436,2,-0.3725890652834846,0.4943370182152516
R125,1547496000,913,83,-830,996,2,-2.2644290539065657,2.0173886158544985
R125,1547510400,90,30,-60,120,3,-0.010154728038449658,-0.39997324150532065
R125,1547524800,1,4,3,5,3,0.2255418543276713,-0.77120128848278
R125,1547539200,42,144,102,186,3,0.5959221980458613,-0.18692062323999611
R125,1547553600,136,510,374,646,3,1.6135328393726056,1.2979915646698414
R125,1547568000,292,125,-167,417,3,-0.410464796501544,0.5587635406886398
R125,1547582400,930,106,-824,1036,3,-2.868443441176805,2.5569388544194864
R125,1547596800,110,17,-93,127,3,-0.13361484261117967,-0.3773767516893014
R125,1547611200,0,5,5,5,3,0.23302428551389734,-0.77120128848278
R125,1547625600,38,135,97,173,3,0.5772161200802961,-0.22888553289831762
R125,1547640000,127,510,383,637,3,1.647203779710623,1.2689389349063882
R125,1547654400,301,135,-166,436,3,-0.40672358090843097,0.6200968701892635
R125,1547668800,906,107,-799,1013,3,-2.774913051348979,2.4826932450239947
R125,1547683200,103,30,-73,133,3,-0.05879053074891906,-0.35800833184699915
R125,1547697600,0,4,4,4,3,0.22928306992078432,-0.7744293584564971
R125,1547712000,34,143,109,177,3,0.6221107071976525,-0.21597325300344947
R125,1547726400,120,495,375,615,3,1.6172740549657187,1.1979213954846133
R125,1547740800,324,116,-208,440,3,-0.5638546358191783,0.6330091500841316
R125,1547755200,893,114,-779,1007,3,-2.7000887394867186,2.4633248251816924
R125,1547769600,101,28,-73,129,3,-0.05879053074891906,-0.3709206117418673
R125,1547784000,1,9,8,10,3,0.2442479322932364,-0.7550609386141949
R125,1547798400,40,129,89,169,3,0.5472863953353919,-0.24179781279318577
R125,1547812800,117,462,345,579,3,1.5050375871723278,1.0817108764307999
R125,1547827200,363,114,-249,477,3,-0.7172444751368126,0.7524477391116621
R125,1547841600,753,115,-638,868,3,-2.172577340857781,2.014623098835024
R125,1547856000,67,32,-35,99,3,0.08337566178937611,-0.46776271095337846
R125,1547870400,1,1,0,2,3,0.2143182075483322,-0.7808854984039312
R125,1547884800,2,4,2,6,3,0.22180063873455824,-0.7679732185090631
R125,1547899200,6,3,-3,9,3,0.2030945607689931,-0.7582890085879119
R125,1547913600,1,1,0,2,3,0.2143182075483322,-0.7808854984039312
R125,1547928000,2,1,-1,3,3,0.21057699195521914,-0.7776574284302141
R125,1547942400,1,1,0,2,3,0.2143182075483322,-0.7808854984039312
R125,1547956800,0,0,0,0,3,0.2143182075483322,-0.7873416383513653
R125,1547971200,0,1,1,1,3,0.21805942314144522,-0.7841135683776482
R125,1547985600,0,2,2,2,3,0.22180063873455824,-0.7808854984039312
R125,1548000000,0,0,0,0,3,0.2143182075483322,-0.7873416383513653
R125,1548014400,2,2,0,4,3,0.2143182075483322,-0.7744293584564971
R125,1548028800,1,1,0,2,3,0.2143182075483322,-0.7808854984039312
R125,1548043200,0,1,1,1,3,0.21805942314144522,-0.7841135683776482
R125,1548057600,19,43,24,62,3,0.3041073817830449,-0.5872012999809089
R125,1548072000,69,131,62,200,3,0.44627357432134007,-0.14172764360795756
R125,1548086400,129,76,-53,205,3,0.016033781113341555,-0.12558729373937239
R125,1548100800,203,32,-171,235,3,-0.4254296588739961,-0.028745194527861225
R125,1548115200,55,25,-30,80,4,0.12352993410074216,-0.6185294469908535
R125,1548129600,13,4,-9,17,4,0.19759750845618376,-0.817463313131342
R125,1548144000,38,122,84,160,4,0.5256110520302822,-0.36591501379658253
R125,1548158400,125,464,339,589,4,1.425003026346359,0.9887298842076958
R125,1548172800,290,127,-163,417,4,-0.3455647034837213,0.4456088528400131
R125,1548187200,855,106,-749,961,4,-2.4124027307355678,2.163386998561056
R125,1548201600,133,32,-101,165,4,-0.12688900776765563,-0.3501266117219406
R125,1548216000,24,7,-17,31,4,0.16938128965411076,-0.7732557873223446
R125,1548230400,33,137,104,170,4,0.5961515990354648,-0.33433820964729866
R125,1548244800,118,539,421,657,4,1.714219269067607,1.203452152422826
R125,1548259200,316,132,-184,448,4,-0.4196322778391629,0.5434969457027932
R125,1548273600,846,106,-740,952,4,-2.380659484583236,2.1349678748267005
R125,1548288000,169,31,-138,200,4,-0.2573890197272432,-0.23960779719944705
R125,1548302400,35,8,-27,43,4,0.13411101615151952,-0.735363622343204
R125,1548316800,31,125,94,156,4,0.5608813255328735,-0.3785457354562961
R125,1548331200,121,514,393,635,4,1.6154625032603516,1.1339831832944016
R125,1548345600,298,124,-174,422,4,-0.3843620043365717,0.46139725491465505
R125,1548360000,823,95,-728,918,4,-2.3383351563801265,2.0276067407191354
R125,1548374400,148,40,-108,188,4,-0.1515781992194695,-0.2774999621785877
R125,1548388800,35,7,-28,42,4,0.1305839888012604,-0.7385213027581323
R125,1548403200,40,127,87,167,4,0.5361921340810596,-0.34381125089208386
R125,1548417600,141,453,312,594,4,1.3297732878893624,1.0045182862823379
R125,1548432000,322,136,-186,458,4,-0.4266863325396812,0.575073749852077
R125,1548446400,776,103,-673,879,4,-2.1443486521158746,1.9044572045369283
R125,1548460800,79,22,-57,101,4,0.028300195643745807,-0.5522181582773574
R125,1548475200,0,5,5,5,4,0.2469758913598115,-0.8553554781104826
R125,1548489600,0,0,0,0,4,0.22934075460851586,-0.8711438801851246
R125,1548504000,1,1,0,2,4,0.22934075460851586,-0.8648285193552678
R125,1548518400,1,1,0,2,4,0.22934075460851586,-0.8648285193552678
R125,1548532800,1,2,1,3,4,0.232867781958775,-0.8616708389403395
R125,1548547200,2,2,0,4,4,0.22934075460851586,-0.8585131585254111
R125,1548561600,0,0,0,0,4,0.22934075460851586,-0.8711438801851246
R125,1548576000,9,10,1,19,4,0.232867781958775,-0.8111479523014853
R125,1548590400,0,0,0,0,4,0.22934075460851586,-0.8711438801851246
R125,1548604800,0,1,1,1,4,0.232867781958775,-0.8679861997701962
R125,1548619200,2,3,1,5,4,0.232867781958775,-0.8553554781104826
R125,1548633600,2,2,0,4,4,0.22934075460851586,-0.8585131585254111
R125,1548648000,0,0,0,0,4,0.22934075460851586,-0.8711438801851246
R125,1548662400,33,127,94,160,4,0.5608813255328735,-0.36591501379658253
R125,1548676800,112,466,354,578,4,1.4779084366002457,0.9539953996434836
R125,1548691200,282,113,-169,395,4,-0.36672686758527606,0.3761398837115886
R125,1548705600,850,109,-741,959,4,-2.384186511933495,2.157071637731199
R125,1548720000,151,27,-124,178,5,-0.14035604118022454,-0.462285667304176
R125,1548734400,42,9,-33,51,5,0.17261991529049786,-0.8837953680563938
R125,1548748800,39,139,100,178,5,0.630046313209246,-0.462285667304176
R125,1548763200,128,487,359,615,5,1.5208240354720712,0.9881059801660541
R125,1548777600,318,144,-174,462,5,-0.3123208524278742,0.48030295485039004
R125,1548792000,935,107,-828,1042,5,-2.561620583547132,2.4053078874195744
R125,1548806400,153,30,-123,183,5,-0.13691674495527154,-0.44569079719582094
R125,1548820800,34,5,-29,39,5,0.18637710019030984,-0.9236230563164459
R125,1548835200,41,129,88,170,5,0.5887747585098101,-0.48883745947754403
R125,1548849600,124,497,373,621,5,1.5689741826214132,1.00801982429608
R125,1548864000,333,129,-204,462,5,-0.415499739176464,0.48030295485039004
R125,1548878400,906,108,-798,1014,5,-2.458441696798542,2.312376614812786
R125,1548892800,146,30,-116,176,5,-0.1128416713806006,-0.468923615347518
R125,1548907200,26,7,-19,33,5,0.22077006243983976,-0.943536900446472
R125,1548921600,28,106,78,134,5,0.5543817962602802,-0.6083205242577002
R125,1548936000,135,400,265,535,5,1.1975301903264899,0.7225880584323735
R125,1548950400,286,91,-195,377,5,-0.38454607315188705,0.19819016300835446
R125,1548964800,832,103,-729,935,5,-2.2211302572767857,2.0501776671007765
R125,1548979200,140,30,-110,170,5,-0.09220589403088264,-0.48883745947754403
R125,1548993600,30,13,-17,43,5,0.22764865488974576,-0.9103471602297619
R125,1549008000,39,147,108,186,5,0.6575606830088699,-0.4357338751308079
R125,1549022400,135,447,312,582,5,1.3591771128992807,0.8785798374509108
R125,1549036800,376,127,-249,503,5,-0.5702680692993487,0.6163808897389014
R125,1549051200,796,107,-689,903,5,-2.083558408278666,1.9439704984073043
R125,1549065600,126,33,-93,159,5,-0.033737858206681744,-0.5253461737159251
R125,1549080000,42,19,-23,61,5,0.20701287754002778,-0.8506056278396837
R125,1549094400,8,22,14,30,5,0.33426683786328854,-0.953493822511485
R125,1549108800,55,64,9,119,5,0.3170703567385236,-0.6581051345827653
R125,1549123200,124,83,-41,207,5,0.1451055454908739,-0.36603542067571676
R125,1549137600,138,66,-72,204,5,0.03848736251733111,-0.3759923427407298
R125,1549152000,56,54,-2,110,5,0.27923809826404067,-0.6879759007778045
R125,1549166400,17,15,-2,32,5,0.27923809826404067,-0.946855874468143
R125,1549180800,15,21,6,36,5,0.3067524680636646,-0.9335799783814589
R125,1549195200,46,48,2,94,5,0.29299528316385265,-0.7410794851245406
R125,1549209600,76,75,-1,151,5,0.28267739448899365,-0.5518979658892932
R125,1549224000,107,72,-35,179,5,0.16574132284059187,-0.45896669328250495
R125,1549238400,61,40,-21,101,5,0.21389146998993377,-0.7178466669728435
R125,1549252800,15,13,-2,28,5,0.27923809826404067,-0.960131770554827
R125,1549267200,36,142,106,178,5,0.650682090558964,-0.462285667304176
R125,1549281600,127,498,371,625,5,1.5620955901715072,1.0212957203827642
R125,1549296000,312,140,-172,452,5,-0.3054422599779682,0.44711321463368
R125,1549310400,876,92,-784,968,5,-2.4102915496492003,2.1597038098159196
R125,1549324800,161,51,-110,212,6,-0.11124029504413159,-0.4192967824105119
R125,1549339200,28,9,-19,37,6,0.1961786548175249,-0.9969596410266811
R125,1549353600,37,145,108,182,6,0.6252138925365399,-0.5183247010304266
R125,1549368000,121,480,359,601,6,1.47314967731979,0.8647652290277156
R125,1549382400,319,155,-164,474,6,-0.2936647268301695,0.44554704020340996
R125,1549396800,833,114,-719,947,6,-2.168582497964448,2.0068872237773987
R125,1549411200,159,30,-129,189,6,-0.17542666919107083,-0.4952181866857798
R125,1549425600,35,10,-25,45,6,0.17590927350796512,-0.9705521960613704
R125,1549440000,39,170,131,209,6,0.702913187556519,-0.4291995742725034
R125,1549454400,124,519,395,643,6,1.5947659651771486,1.0034043150955962
R125,1549468800,326,137,-189,463,6,-0.3781204822866685,0.4092368033761079
R125,1549483200,926,117,-809,1043,6,-2.4726232176078446,2.323776563361126
R125,1549497600,175,34,-141,209,6,-0.21596543181019037,-0.4291995742725034
R125,1549512000,46,12,-34,58,6,0.14550520154362545,-0.9276400979927407
R125,1549526400,42,146,104,188,6,0.6117009716635,-0.49851911730644366
R125,1549540800,136,489,353,625,6,1.4528802960102303,0.9439875639236474
R125,1549555200,319,132,-187,451,6,-0.3713640218501486,0.369625635928142
R125,1549569600,886,112,-774,998,6,-2.354385159968746,2.1752346854312536
R125,1549584000,163,32,-131,195,6,-0.18218312962759076,-0.4754126029617969
R125,1549598400,41,11,-30,52,6,0.1590181224166653,-0.9474456817167237
R125,1549612800,42,132,90,174,6,0.5644057486078606,-0.5447321459957372
R125,1549627200,142,497,355,639,6,1.4596367564467503,0.9902005926129409
R125,1549641600,347,163,-184,510,6,-0.3612293311953687,0.5643805425473076
R125,1549656000,827,112,-715,939,6,-2.155069577091408,1.980479778812088
R125,1549670400,145,74,-71,219,6,0.0205106834680069,-0.3961902680658651
R125,1549684800,55,14,-41,69,6,0.12185759001580573,-0.8913298611654387
R125,1549699200,18,25,7,43,6,0.28401264049228386,-0.9771540573026981
R125,1549713600,68,97,29,165,6,0.358333705294003,-0.5744405215817117
R125,1549728000,128,92,-36,220,6,0.13874874110710553,-0.3928893374452013
R125,1549742400,156,108,-48,264,6,0.098209978487986,-0.24764839013599305
R125,1549756800,98,71,-27,169,6,0.1691528130714452,-0.5612367990990563
R125,1549771200,31,17,-14,48,6,0.21306980590882468,-0.960649404199379
R125,1549785600,19,17,-2,36,6,0.2536085685279442,-1.000260571647345
R125,1549800000,45,70,25,115,6,0.34482078442096314,-0.7394870526149028
R125,1549814400,101,66,-35,167,6,0.1421269713253655,-0.567838660340384
R125,1549828800,118,80,-38,198,6,0.1319922806705856,-0.46550981109980544
R125,1549843200,40,40,0,80,6,0.2603650289644641,-0.8550196243381366
R125,1549857600,28,12,-16,40,6,0.20631334547230476,-0.9870568491646896
R125,1549872000,42,147,105,189,6,0.61507920188176,-0.4952181866857798
R125,1549886400,133,515,382,648,6,1.5508489723397691,1.0199089681989153
R125,1549900800,325,145,-180,470,6,-0.34771641032232886,0.4323433177207547
R125,1549915200,914,102,-812,1016,6,-2.4827579082626245,2.2346514366032024
R125,1549929600,150,22,-128,172,7,-0.23065715474825446,-0.47224527571185654
R125,1549944000,39,6,-33,45,7,0.13732447157942856,-0.9283300667035355
R125,1549958400,42,137,95,179,7,0.6331312944209384,-0.4471067439249136
R125,1549972800,101,459,358,560,7,1.6518593757281028,0.9211476290501232
R125,1549987200,294,124,-170,418,7,-0.39334376849312486,0.4111945556578523
R125,1550001600,855,105,-750,960,7,-2.6399684344937158,2.3576351597325766
R125,1550016000,150,37,-113,187,7,-0.17255479269651502,-0.41837699331126454
R125,1550030400,36,5,-31,41,7,0.14507145318632714,-0.94269494201036
R125,1550044800,33,148,115,181,7,0.7106011104899242,-0.4399243062715013
R125,1550059200,158,539,381,697,7,1.7409496642074367,1.4131446083088635
R125,1550073600,325,145,-180,470,7,-0.4320786765276178,0.5979379346465712
R125,1550088000,906,121,-785,1027,7,-2.7755406126144413,2.5982468211218874
R125,1550102400,179,40,-139,219,7,-0.2732655535861967,-0.30345799085666825
R125,1550116800,39,6,-33,45,7,0.13732447157942856,-0.9283300667035355
R125,1550131200,32,142,110,174,7,0.6912336564726778,-0.4650628380584443
R125,1550145600,130,484,354,614,7,1.6363654125143057,1.1150734456922544
R125,1550160000,310,167,-143,477,7,-0.2887595167999939,0.6230764664335141
R125,1550174400,879,109,-770,988,7,-2.7174382505627017,2.4581892868803483
R125,1550188800,143,58,-85,201,7,-0.06409705019993478,-0.36809992973737865
R125,1550203200,34,16,-18,50,7,0.19542683363116797,-0.9103739725700047
R125,1550217600,50,107,57,157,7,0.4859386438898651,-0.5261135581124485
R125,1550232000,128,446,318,574,7,1.4969197435901311,0.9714246926240091
R125,1550246400,400,139,-261,539,7,-0.7458314316070106,0.8457320336892944
R125,1550260800,755,134,-621,889,7,-2.1402881208487567,2.102658623036441
R125,1550275200,138,63,-75,201,7,-0.025362142165441824,-0.36809992973737865
R125,1550289600,46,20,-26,66,7,0.16443890720357363,-0.8529144713427067
R125,1550304000,14,33,19,47,7,0.3387459933587919,-0.9211476290501232
R125,1550318400,55,99,44,154,7,0.43558326344502424,-0.5368872145925669
R125,1550332800,167,121,-46,288,7,0.08696909113458773,-0.055663891813945064
R125,1550347200,162,84,-78,246,7,-0.03698261457578971,-0.20649508253560267
R125,1550361600,80,46,-34,126,7,0.13345098077597928,-0.6374413417403386
R125,1550376000,16,14,-2,30,7,0.2574026864863567,-0.9821983491041275
R125,1550390400,18,15,-3,33,7,0.2535291956829074,-0.9714246926240091
R125,1550404800,54,66,12,120,7,0.31163155773464685,-0.6589886547005754
R125,1550419200,115,117,2,232,7,0.27289664970015387,-0.2567721461094885
R125,1550433600,114,81,-33,195,7,0.13732447157942856,-0.38964724269761547
R125,1550448000,47,40,-7,87,7,0.23803523246911024,-0.7774988759818778
R125,1550462400,15,12,-3,27,7,0.2535291956829074,-0.9929720055842458
R125,1550476800,27,44,17,71,7,0.3309990117518933,-0.834958377209176
R125,1550491200,72,169,97,241,7,0.640878276027837,-0.22445117666913333
R125,1550505600,157,119,-38,276,7,0.11795701756218209,-0.09875851773441867
R125,1550520000,346,97,-249,443,7,-0.699349541965619,0.5009750263255056
R125,1550534400,97,32,-65,129,8,0.09566997613691242,-0.8684240907683589
R125,1550548800,16,9,-7,25,8,0.2720575347893391,-1.2028765719530254
R125,1550563200,35,137,102,172,8,0.603544498463727,-0.730140853355468
R125,1550577600,169,476,307,645,8,1.2269832833559247,0.7909747581863327
R125,1550592000,272,152,-120,424,8,-0.07159408810245767,0.0802632356689163
R125,1550606400,896,131,-765,1027,8,-2.0331453869096157,2.0194444486915497
R125,1550620800,171,43,-128,214,8,-0.09592340653727513,-0.5950735051847372
R125,1550635200,33,6,-27,39,8,0.21123423870229538,-1.1578541225627819
R125,1550649600,36,149,113,185,8,0.636997311311601,-0.6883342932073846
R125,1550664000,117,478,361,595,8,1.3912061827909425,0.6301802960783199
R125,1550678400,318,117,-201,435,8,-0.31792843725498454,0.1156380173326791
R125,1550692800,839,92,-747,931,8,-1.9784044204312765,1.7107190814441655
R125,1550707200,150,38,-112,188,8,-0.0472647696676402,-0.6786866254809039
R125,1550721600,34,8,-26,42,8,0.2142754035066476,-1.1482064548363011
R125,1550736000,30,157,127,187,8,0.6795736185725316,-0.6819025147230642
R125,1550750400,119,487,368,606,8,1.4124943364214078,0.6655550777420827
R125,1550764800,338,144,-194,482,8,-0.2966402836245192,0.2667848117142111
R125,1550779200,855,110,-745,965,8,-1.9723220908225723,1.8200593156776141
R125,1550793600,176,40,-136,216,8,-0.1202527249720926,-0.5886417267004167
R125,1550808000,40,11,-29,51,8,0.20515190909359102,-1.1192634516568587
R125,1550822400,28,118,90,146,8,0.5670505208115008,-0.8137539736516346
R125,1550836800,113,450,337,563,8,1.3182182274864902,0.5272718403291917
R125,1550851200,296,130,-166,426,8,-0.2114876691026581,0.08669501415323681
R125,1550865600,768,116,-652,884,8,-1.6894937640178191,1.5595722870626336
R125,1551484800,8680,5494,-3186,14174,9,-4.009859859714596,4.112999475976235
R125,1551499200,0,1,1,1,9,0.2668170457158522,-0.27651934831145053
R125,1551513600,0,0,0,0,9,0.2654751326611203,-0.2768290582404908
R125,1551528000,1,2,1,3,9,0.2668170457158522,-0.27589992845337
R125,1551542400,4,2,-2,6,9,0.2627913065516566,-0.27497079866624924
R125,1551556800,6,10,4,16,9,0.27084278488004776,-0.27187369937584654
R125,1551571200,1,1,0,2,9,0.2654751326611203,-0.27620963838241025
R125,1551585600,0,0,0,0,9,0.2654751326611203,-0.2768290582404908
R125,1551600000,1,0,-1,1,9,0.26413321960638847,-0.27651934831145053
R125,1551614400,1,4,3,5,9,0.2695008718253159,-0.27528050859528946
R125,1551628800,0,2,2,2,9,0.26815895877058404,-0.27620963838241025
R125,1551643200,2,2,0,4,9,0.2654751326611203,-0.27559021852432974
R125,1551657600,1,1,0,2,9,0.2654751326611203,-0.27620963838241025
R125,1551672000,1,1,0,2,9,0.2654751326611203,-0.27620963838241025
R125,1551686400,20,117,97,137,9,0.3956406989701111,-0.2343987979619744
R125,1551700800,112,403,291,515,9,0.6559718315880926,-0.11732844478475399
R125,1551715200,241,137,-104,378,9,0.12591617496900653,-0.1597587050632704
R125,1551729600,754,87,-667,841,9,-0.6295808748450326,-0.016363007917627383
R125,1551744000,128,26,-102,154,10,-0.057092246990799005,-0.6438586137809525
R125,1551758400,44,5,-39,49,10,0.16026902716409905,-0.9911878476370994
R125,1551772800,41,154,113,195,10,0.6846962282997261,-0.5082348177037904
R125,1551787200,132,517,385,649,10,1.6231449040161112,0.9935506315408825
R125,1551801600,370,134,-236,504,10,-0.5194162269393122,0.5139054990728702
R125,1551816000,920,113,-807,1033,10,-2.489468410152753,2.263783258214791
R125,1551830400,194,58,-136,252,10,-0.17439833145534717,-0.3196846621818822
R125,1551844800,40,6,-34,46,10,0.1775199219382973,-1.0011115400329893
R125,1551859200,39,135,96,174,10,0.626043186067452,-0.5777006644750198
R125,1551873600,132,529,397,661,10,1.6645470514741871,1.033245401124442
R125,1551888000,342,133,-209,475,10,-0.4262613951586417,0.4179764725792678
R125,1551902400,886,130,-756,1016,10,-2.313509283455931,2.2075490013047485
R125,1551916800,186,35,-151,221,10,-0.22615101577794192,-0.4222294836060779
R125,1551931200,34,7,-27,41,10,0.20167117462217485,-1.0176510273594725
R125,1551945600,43,155,112,198,10,0.6812460493448864,-0.49831112530790056
R125,1551960000,144,501,357,645,10,1.5265398932806011,0.980319041679696
R125,1551974400,345,129,-216,474,10,-0.4504126478425192,0.41466857511397115
R125,1551988800,923,124,-799,1047,10,-2.461866978514036,2.3100938227289443
R125,1552003200,186,44,-142,230,10,-0.19509940518438507,-0.3924584064184082
R125,1552017600,37,10,-27,47,10,0.20167117462217485,-0.9978036425676926
R125,1552032000,35,141,106,176,10,0.6605449756158486,-0.5710848695444265
R125,1552046400,176,483,307,659,10,1.3540309455386186,1.026629606193849
R125,1552060800,392,153,-239,545,10,-0.5297667638038313,0.6495292951500323
R125,1552075200,775,115,-660,890,10,-1.9822921037913244,1.7907539206773722
R125,1552089600,133,53,-80,186,10,0.018811690015673326,-0.5380058948914602
R125,1552104000,34,26,-8,60,10,0.26722457476412825,-0.9548009755188364
R125,1552118400,17,39,22,56,10,0.37072994340931775,-0.9680325653800229
R125,1552132800,98,118,20,216,10,0.36382958549963845,-0.43876897093256106
R125,1552147200,175,122,-53,297,10,0.11196652179634392,-0.17082927624353353
R125,1552161600,184,100,-84,284,10,0.00501097419631472,-0.2138319432923898
R125,1552176000,79,63,-16,142,10,0.23962314312541103,-0.6835533833645122
R125,1552194000,29,24,-5,53,10,0.2775751116286472,-0.9779562577759129
R125,1552208400,22,22,0,44,10,0.29482600640284545,-1.0077273349635825
R125,1552222800,55,60,5,115,10,0.3120769011770437,-0.7728666149275214
R125,1552237200,106,89,-17,195,10,0.23617296417057138,-0.5082348177037904
R125,1552251600,110,58,-52,168,10,0.11541670075118357,-0.5975480492667996
R125,1552266000,45,26,-19,71,10,0.22927260626089208,-0.9184141034005734
R125,1552280400,6,3,-3,9,10,0.2844754695383265,-1.1235037462489648
R125,1552294800,74,309,235,383,10,1.1056180607901636,0.11364990577197721
R125,1552309200,156,345,189,501,10,0.9469098288675396,0.5039818066769803
R125,1552323600,462,124,-338,586,10,-0.8713344803329567,0.7851530912271945
R125,1552338000,787,109,-678,896,10,-2.044395324978438,1.8106013054691519
R125,1552352400,99,36,-63,135,11,0.06753490998936076,-0.7997966261801197
R125,1552366800,13,10,-3,23,11,0.2843348758150794,-1.2046436432414867
R125,1552381200,71,357,286,428,11,1.3285880445422908,0.2593120880964921
R125,1552395600,174,331,157,505,11,0.8624681180169957,0.5376444123261819
R125,1552410000,476,144,-332,620,11,-0.904451603462611,0.9533355459159784
R125,1552424400,764,84,-680,848,11,-2.161891405251779,1.7774884020766182
R125,1552438800,124,34,-90,158,11,-0.03002507463221262,-0.7166583994621605
R125,1552453200,8,6,-2,14,11,0.28794820857884135,-1.2371759928267752
R125,1552467600,73,355,282,428,11,1.314134713487243,0.2593120880964921
R125,1552482000,158,367,209,525,11,1.0503614217326185,0.6099385225157117
R125,1552496400,466,161,-305,627,11,-0.8068916188410377,0.9786384844823137
R125,1552510800,769,83,-686,852,11,-2.1835714018343513,1.7919472241145242
R125,1552525200,120,47,-73,167,11,0.03140158235174099,-0.684126049876872
R125,1552539600,11,11,0,22,11,0.29517487410636534,-1.2082583487509633
R125,1552554000,74,342,268,416,11,1.2635480547945752,0.2159356219827742
R125,1552568400,160,389,229,549,11,1.122628077007858,0.6966914547431474
R125,1552582800,476,128,-348,604,11,-0.9622649276828027,0.8955002577643545
R125,1552597200,761,115,-646,876,11,-2.039038091283872,1.8787001563419596
R125,1552611600,139,31,-108,170,11,-0.0950650643799282,-0.6732819333484426
R125,1552626000,24,8,-16,32,11,0.2373615498861737,-1.1721112936561984
R125,1552640400,62,300,238,362,11,1.155148071881716,0.020741524471043684
R125,1552654800,176,331,155,507,11,0.8552414524894718,0.5448738233451349
R125,1552669200,454,153,-301,607,11,-0.7924382877859897,0.9063443742927839
R125,1552683600,697,100,-597,797,11,-1.861984785859535,1.5931384210933173
R125,1552698000,113,58,-55,171,11,0.09644157209945657,-0.669667227838966
R125,1552712400,25,11,-14,36,11,0.24458821541369763,-1.1576524716182923
R125,1552726800,21,42,21,63,11,0.3710548621453668,-1.060055422862427
R125,1552741200,100,127,27,227,11,0.3927348587279387,-0.46724371930828257
R125,1552755600,197,175,-22,372,11,0.2156815533036018,0.05688857956580859
R125,1552770000,230,102,-128,332,11,-0.16733171965516774,-0.08769964081325105
R125,1552784400,76,60,-16,136,11,0.2373615498861737,-0.7961819206706432
R125,1552798800,14,15,1,29,11,0.2987882068701273,-1.1829554101846278
R125,1552813200,28,21,-7,49,11,0.26988154476003146,-1.110661299995098
R125,1552827600,72,82,10,154,11,0.33130820174398506,-0.7311172215000664
R125,1552842000,135,113,-22,248,11,0.2156815533036018,-0.39133490360927625
R125,1552856400,148,68,-80,216,11,0.00610825300540715,-0.507005479912524
R125,1552870800,59,45,-14,104,11,0.24458821541369763,-0.9118524969738909
R125,1552885200,7,2,-5,9,11,0.27710821028755545,-1.2552495203741576
R125,1552899600,67,340,273,407,11,1.281614718613385,0.18340327239748577
R125,1552914000,161,333,172,494,11,0.9166681094734255,0.49788265172194046
R125,1552928400,484,158,-326,642,11,-0.8827716068800392,1.032859067124461
R125,1552942800,911,91,-820,1002,11,-2.667757992178456,2.3341530505359978
R125,1552957200,186,32,-154,218,12,-0.2944676496261455,-0.46732437579742336
R125,1552971600,16,13,-3,29,12,0.27322191362283393,-1.1433559176460633
R125,1552986000,72,397,325,469,12,1.506348911938498,0.43047412686928893
R125,1553000400,181,340,159,521,12,0.8822663457177656,0.6164722230392851
R125,1553014800,488,134,-354,622,12,-1.0463743559161844,0.9777377559848546
R125,1553029200,782,103,-679,885,12,-2.268222753637498,1.9184588962292581
R125,1553043600,141,34,-107,175,12,-0.11776957364798633,-0.621130493784151
R125,1553058000,14,6,-8,20,12,0.254424245965583,-1.175547895829332
R125,1553072400,74,337,263,411,12,1.273257832988586,0.22301471191044703
R125,1553086800,173,373,200,546,12,1.0364072205072237,0.7058943846594755
R125,1553101200,455,226,-229,681,12,-0.57643266448491,1.1887740574085042
R125,1553115600,825,103,-722,928,12,-2.4298826954898565,2.0722650142159855
R125,1553130000,141,23,-118,164,12,-0.15912444249393848,-0.6604762448970348
R125,1553144400,15,8,-7,23,12,0.2581837794970332,-1.164817236434909
R125,1553158800,60,364,304,424,12,1.427398707778044,0.26951423595294605
R125,1553173200,177,355,178,532,12,0.9536974828153193,0.6558179741521689
R125,1553187600,470,151,-319,621,12,-0.9147906823154276,0.974160869520047
R125,1553202000,789,106,-683,895,12,-2.2832608877632987,1.9542277608773342
R125,1553216400,119,36,-83,155,12,-0.02754076889318165,-0.6926682230803034
R125,1553230800,24,16,-8,40,12,0.254424245965583,-1.1040101665331794
R125,1553242501,42,160,118,202,12,0.7281254709283076,-0.5245545592343452
R125,1553245200,63,203,140,266,12,0.8108352086202119,-0.2956338254866577
R125,1553259600,180,344,164,524,12,0.9010640133750166,0.6272028824337079
R125,1553274000,507,178,-329,685,12,-0.9523860176299296,1.2030816032677345
R125,1553288400,661,105,-556,766,12,-1.805800129269124,1.4928094069171516
R125,1553302800,124,62,-62,186,12,0.051409435267272444,-0.5817847426712671
R125,1553317200,12,20,8,32,12,0.3145767824687861,-1.1326252582516405
R125,1553331600,24,34,10,58,12,0.3220958495316865,-1.0396262101666425
R125,1553346000,85,101,16,186,12,0.34465305072038765,-0.5817847426712671
R125,1553360400,167,119,-48,286,12,0.10404290470757518,-0.2240960961905053
R125,1553374800,134,86,-48,220,12,0.10404290470757518,-0.46017060286780814
R125,1553389200,55,55,0,110,12,0.28450051421718453,-0.8536281139966462
R125,1553403600,12,11,-1,23,12,0.28074098068573433,-1.164817236434909
R125,1553418000,21,16,-5,37,12,0.2657028465599336,-1.1147408259276024
R125,1553432400,89,82,-7,171,12,0.2581837794970332,-0.6354380396433814
R125,1553446800,115,76,-39,191,12,0.13787870649062695,-0.5639003103472291
R125,1553461200,91,54,-37,145,12,0.14539777355352732,-0.7284370877283796
R125,1553475600,51,28,-23,79,12,0.19803124299383004,-0.9645115944056823
R125,1553490000,10,10,0,20,12,0.28450051421718453,-1.175547895829332
R125,1553504400,63,380,317,443,12,1.4762726436868965,0.33747507878429084
R125,1553518800,169,322,153,491,12,0.8597091445290644,0.5091656290950565
R125,1553533200,499,160,-339,659,12,-0.9899813529444316,1.1100825551827365
R125,1553547600,747,106,-641,853,12,-2.125360479442391,1.8039985293554144
R125,1553562000,122,23,-99,145,13,-0.01014543452262606,-0.550348473005306
R125,1553576400,17,7,-10,24,13,0.2861329580209378,-0.9021561383905845
R125,1553590800,94,333,239,427,13,1.1150466630023692,0.2695669124380706
R125,1553605200,193,373,180,566,13,0.9186373915409056,0.673709602426118
R125,1553619600,500,132,-368,632,13,-0.905638553558791,0.8656046926362699
R125,1553634000,811,127,-684,938,13,-1.9575932956235795,1.7553001108833384
R125,1553648400,143,42,-101,185,13,-0.016803375928099405,-0.43404841833248653
R125,1553662800,14,11,-3,25,13,0.3094357529400945,-0.899248637023764
R125,1553677200,79,363,284,442,13,1.2648503446255195,0.3131794329403779
R125,1553691600,190,307,117,497,13,0.7089122372684953,0.47309200811550456
R125,1553706000,457,176,-281,633,13,-0.6160181024207004,0.8685121940030904
R125,1553720400,859,98,-761,957,13,-2.2139240397343034,1.8105426368529274
R125,1553734800,130,52,-78,182,13,0.05976295023484406,-0.442770922432948
R125,1553749200,11,12,1,23,13,0.3227516357510412,-0.905063639757405
R125,1553763600,65,334,269,399,13,1.2149157840844695,0.1881568741670971
R125,1553778000,194,317,123,511,13,0.7288860614849153,0.5137970272509913
R125,1553792400,461,151,-310,612,13,-0.7125582528000639,0.8074546652998602
R125,1553806800,806,121,-685,927,13,-1.9609222663263162,1.723317595848313
R125,1553821200,124,40,-84,164,13,0.03978912601842403,-0.49510594703571675
R125,1553835600,12,10,-2,22,13,0.3127647236428312,-0.9079711411242255
R125,1553850000,65,298,233,363,13,1.0950728387859492,0.08348682496155964
R125,1553864400,199,340,141,539,13,0.7888075341341754,0.5952070655219649
R125,1553878800,486,178,-308,664,13,-0.7059003113945905,0.9586447363745254
R125,1553893200,661,102,-559,763,13,-1.5414719577814953,1.2464873716897533
R125,1553907600,56,27,-29,83,13,0.22288251466894102,-0.7306135577481759
R125,1553922000,5,12,7,17,13,0.34272545996746123,-0.9225086479583279
R125,1553936400,6,16,10,22,13,0.35271237207567124,-0.9079711411242255
R125,1553950800,5,7,2,12,13,0.32608060645377784,-0.9370461547924304
R125,1553965200,1,11,10,12,13,0.35271237207567124,-0.9370461547924304
R125,1553979600,0,6,6,6,13,0.33939648926472454,-0.9544911629933532
R125,1553994000,3,9,6,12,13,0.33939648926472454,-0.9370461547924304
R125,1554008400,2,4,2,6,13,0.32608060645377784,-0.9544911629933532
R125,1554022800,1,4,3,5,13,0.32940957715651453,-0.9573986643601737
R125,1554037200,1,13,12,14,13,0.35937031348114457,-0.9312311520587894
R125,1554051600,1,4,3,5,13,0.32940957715651453,-0.9573986643601737
R125,1554066000,1,7,6,8,13,0.33939648926472454,-0.9486761602597122
R125,1554080400,2,4,2,6,13,0.32608060645377784,-0.9544911629933532
R125,1554094800,4,2,-2,6,13,0.3127647236428312,-0.9544911629933532
R125,1554109200,102,361,259,463,13,1.1816260770571028,0.3742369616436081
R125,1554123600,257,338,81,595,13,0.589069291969975,0.758027142063912
R125,1554138000,743,144,-599,887,13,-1.6746307858909624,1.6070175411754937
R125,1554152400,1152,89,-1063,1241,13,-3.219273191960778,2.636273025029945
R125,1554166800,165,35,-130,200,14,-0.15680661887029512,-0.3727816346630276
R125,1554181200,12,13,1,25,14,0.302347195405577,-0.9113987006691715
R125,1554195600,69,353,284,422,14,1.2942596338794077,0.3104925862133377
R125,1554210000,119,332,213,451,14,1.0454052765237822,0.3997491285800701
R125,1554224400,667,157,-510,824,14,-1.4887031793651913,1.5477729321245939
R125,1554238800,867,78,-789,945,14,-2.4665956540443386,1.9201881606202704
R125,1554253200,119,41,-78,160,14,0.025452910460585412,-0.49589410689300334
R125,1554267600,8,6,-2,14,14,0.29183222255956465,-0.9452546305324148
R125,1554282000,79,367,288,446,14,1.3082795976740906,0.3843600695513231
R125,1554296400,169,315,146,484,14,0.81057088296284,0.5013169181698001
R125,1554310800,480,180,-300,660,14,-0.7526550801443276,1.0430117959816934
R125,1554325200,839,100,-739,939,14,-2.2913461066107996,1.901721289785774
R125,1554339600,121,43,-78,164,14,0.025452910460585412,-0.4835828596700058
R125,1554354000,12,9,-3,21,14,0.28832723161089385,-0.9237099478921691
R125,1554368400,66,346,280,412,14,1.2802396700847245,0.2797144681558438
R125,1554382800,207,335,128,542,14,0.747481045886766,0.6798300029032649
R125,1554397200,505,155,-350,660,14,-0.9279046275778666,1.0430117959816934
R125,1554411600,814,118,-696,932,14,-2.140631495817956,1.8801766071455284
R125,1554426000,137,44,-93,181,14,-0.02712195376947628,-0.4312600589722661
R125,1554440400,13,6,-7,19,14,0.27430726781621073,-0.9298655715036678
R125,1554454800,66,309,243,375,14,1.1505550049839055,0.1658354313431162
R125,1554469200,211,345,134,556,14,0.7685109915787907,0.7229193681837564
R125,1554483600,554,157,-397,711,14,-1.0926392021653932,1.1999801980749123
R125,1554498000,730,111,-619,841,14,-1.870747192770306,1.6000957328223335
R125,1554512400,40,26,-14,66,14,0.2497723311755153,-0.7852084166334463
R125,1554526800,0,2,2,2,14,0.30585218635424777,-0.9821883722014075
R125,1554541200,0,0,0,0,14,0.29884220445690624,-0.9883439958129063
R125,1554555600,0,1,1,1,14,0.302347195405577,-0.9852661840071569
R125,1554570000,0,1,1,1,14,0.302347195405577,-0.9852661840071569
R125,1554584400,0,0,0,0,14,0.29884220445690624,-0.9883439958129063
R125,1554598800,1,2,1,3,14,0.302347195405577,-0.9791105603956581
R125,1554613200,2,1,-1,3,14,0.29533721350823544,-0.9791105603956581
R125,1554627600,4,1,-3,5,14,0.28832723161089385,-0.9729549367841593
R125,1554642000,13,14,1,27,14,0.302347195405577,-0.9052430770576727
R125,1554656400,12,9,-3,21,14,0.28832723161089385,-0.9237099478921691
R125,1554670800,4,10,6,14,14,0.3198721501489309,-0.9452546305324148
R125,1554685200,2,6,4,8,14,0.3128621682515893,-0.9637215013669111
R125,1554699600,1,0,-1,1,14,0.29533721350823544,-0.9852661840071569
R125,1554714000,68,311,243,379,14,1.1505550049839055,0.17814667856611377
R125,1554728400,157,357,200,514,14,0.9998403941910621,0.5936512723422819
R125,1554742800,447,166,-281,613,14,-0.6860602521195828,0.8983546411114718
R125,1554757200,754,91,-663,845,14,-2.0249667945118204,1.6124069800453311
R125,1554771600,140,32,-108,172,15,-0.09290710150949066,-0.6525147722703285
R125,1554786000,14,8,-6,22,15,0.2790686207957971,-1.176322502303849
R125,1554800400,74,379,305,453,15,1.4132298917462334,0.3287517086591335
R125,1554814800,168,313,145,481,15,0.8297385626398995,0.426529151598724
R125,1554829200,490,156,-334,646,15,-0.917088603872187,1.0027176546355967
R125,1554843600,812,124,-688,936,15,-2.2080631695199506,2.0154125993670697
R125,1554858000,125,26,-99,151,15,-0.06008571424725939,-0.7258478544750213
R125,1554872400,13,9,-4,22,15,0.28636226240962626,-1.176322502303849
R125,1554886800,69,372,303,441,15,1.4059362501324042,0.28684709025645183
R125,1554901200,191,366,175,557,15,0.9391431868473372,0.6919250681490411
R125,1554915600,473,137,-336,610,15,-0.9243822454860162,0.8770037994275518
R125,1554930000,796,103,-693,899,15,-2.2262972735545237,1.886206692625468
R125,1554944400,129,39,-90,168,15,-0.027264326985028113,-0.6664829784045557
R125,1554958800,16,16,0,32,15,0.3009495456372846,-1.141401986968281
R125,1554973200,69,354,285,423,15,1.3402934756079417,0.22399016265242938
R125,1554987600,169,340,171,509,15,0.9245559036196789,0.5243065945383145
R125,1555002000,518,146,-372,664,15,-1.0556677945349413,1.0655745822396192
R125,1555016400,783,112,-671,895,15,-2.1460672158024026,1.8722384864912407
R125,1555030800,129,41,-88,170,15,-0.01997068537119894,-0.6594988753374421
R125,1555045200,14,15,1,29,15,0.3045963664441992,-1.1518781415689514
R125,1555059600,61,325,264,386,15,1.2637102386627352,0.09478425591082762
R125,1555074000,185,318,133,503,15,0.7859767129569245,0.5033542853369737
R125,1555088400,532,161,-371,693,15,-1.0520209737280268,1.1668440767127666
R125,1555102800,705,90,-615,795,15,-1.9418452506151858,1.5230333331355606
R125,1555117200,108,46,-62,154,15,0.0748466556085803,-0.7153716998743509
R125,1555131600,17,11,-6,28,15,0.2790686207957971,-1.1553701931025082
R125,1555146000,19,41,22,60,15,0.3811796033894055,-1.0436245440286904
R125,1555160400,113,105,-8,218,15,0.2717749791819679,-0.4918804017267155
R125,1555174800,159,128,-31,287,15,0.18789810062293247,-0.250928845911296
R125,1555189200,181,127,-54,308,15,0.10402122206389698,-0.1775957637066031
R125,1555203600,70,43,-27,113,15,0.2024853838505908,-0.8585458127501799
R125,1555218000,13,18,5,31,15,0.31918364967185753,-1.1448940385018378
R125,1555232400,15,20,5,35,15,0.31918364967185753,-1.1309258323676106
R125,1555246800,71,77,6,148,15,0.3228304704787721,-0.7363240090756917
R125,1555261200,142,86,-56,228,15,0.09672758045006781,-0.45695988639114743
R125,1555275600,99,77,-22,176,15,0.22071948788516374,-0.6385465661361013
R125,1555290000,36,42,6,78,15,0.3228304704787721,-0.980767616424668
R125,1555304400,12,15,3,27,15,0.31189000805802836,-1.158862244636065
R125,1555318800,67,333,266,400,15,1.2710038802765644,0.14367297738062287
R125,1555333200,191,375,184,566,15,0.9719645741095685,0.7233535319510523
R125,1555347600,463,146,-317,609,15,-0.8550926501546391,0.873511747893995
R125,1555362000,818,131,-687,949,15,-2.204416348713036,2.060809269303308
R125,1555376400,119,34,-85,153,16,-0.01976434208923765,-0.5919946980495907
R125,1555390800,10,8,-2,18,16,0.2878182316745236,-0.9601558231654771
R125,1555405200,78,300,222,378,16,1.1179205994225057,0.021607177143553404
R125,1555419600,185,449,264,634,16,1.2735647933752523,0.7197497551410862
R125,1555434000,471,162,-309,633,16,-0.8498667098372197,0.7170226356957834
R125,1555448400,828,93,-735,921,16,-2.4285435342150787,1.5024330359430078
R125,1555462800,334,45,-289,379,16,-0.7757504270025783,0.024334296588856264
R125,1555477200,16,12,-4,28,16,0.28040660339105944,-0.9328846287124485
R125,1555491600,75,373,298,448,16,1.3995624741941424,0.21250553831475377
R125,1555506000,211,373,162,584,16,0.8955717509185819,0.5833937828759431
R125,1555520400,503,165,-338,668,16,-0.9573353199474495,0.8124718162813835
R125,1555534800,837,107,-730,944,16,-2.4100144635064185,1.5651567831849735
R125,1555549200,131,57,-74,188,16,0.02099961346981504,-0.4965455174639905
R125,1555563600,17,10,-7,27,16,0.26928916096586325,-0.9356117481577514
R125,1555578000,71,337,266,408,16,1.2809764216587165,0.10342076050263928
R125,1555592400,173,349,176,522,16,0.9474531489028308,0.41431237726716563
R125,1555606800,496,160,-336,656,16,-0.9499236916639854,0.7797463829377492
R125,1555621200,746,116,-630,862,16,-2.039433049333212,1.3415329886701388
R125,1555635600,130,61,-69,191,16,0.039528684178475354,-0.4883641591280819
R125,1555650000,26,6,-20,32,16,0.22111357712334642,-0.9219761509312371
R125,1555664400,52,225,173,277,16,0.9363357064776346,-0.2538318868320357
R125,1555722000,1188,664,-524,1852,16,-1.6466167503096132,4.041381239519973
R125,1555736400,16,22,6,38,16,0.31746474480838005,-0.9056134342594199
R125,1555750800,16,30,14,46,16,0.3471112579422366,-0.883796478696997
R125,1555765200,80,77,-3,157,16,0.2841124175327915,-0.5810862202683792
R125,1555779600,119,122,3,241,16,0.30634730238318386,-0.3520081868629388
R125,1555794000,116,74,-42,190,16,0.13958566600524105,-0.49109127857338475
R125,1555808400,56,44,-12,100,16,0.2507600902572029,-0.7365320286506424
R125,1555822800,13,12,-1,25,16,0.29152404581625563,-0.9410659870483571
R125,1555837200,13,47,34,60,16,0.4212275407768778,-0.8456168064627569
R125,1555851600,62,73,11,135,16,0.3359938155170404,-0.6410828480650422
R125,1555866000,80,78,-2,158,16,0.2878182316745236,-0.5783591008230764
R125,1555880400,106,74,-32,180,16,0.17664380742256167,-0.5183624730264134
R125,1555894800,43,24,-19,67,16,0.2248193912650785,-0.8265269703456368
R125,1555909200,6,7,1,13,16,0.2989356740997198,-0.9737914203919914
R125,1555923600,60,292,232,352,16,1.1549787408398262,-0.04929792843432102
R125,1555938000,164,353,189,517,16,0.9956287327453476,0.40067678004065127
R125,1555952400,414,137,-277,551,16,-0.7312806573017937,0.4933988411809486
R125,1555966800,709,91,-618,800,16,-1.9949632796324273,1.1724515830613613
R125,1555981200,116,25,-91,141,17,-0.07007425163333236,-0.7692888209698889
R125,1555995600,12,10,-2,22,17,0.26922309630111896,-1.2164748557695522
R125,1556010000,58,311,253,369,17,1.241367183079603,0.08750459024291127
R125,1556024400,169,360,191,529,17,1.0050027384511089,0.6887631244273325
R125,1556038800,426,170,-256,596,17,-0.6991086607252927,0.9405401356170588
R125,1556053200,826,96,-730,922,17,-2.5061529632076516,2.165604399017817
R125,1556067600,129,57,-72,186,17,0.002360013656044878,-0.6001848582305205
R125,1556082000,13,11,-2,24,17,0.26922309630111896,-1.208959124092247
R125,1556096400,61,343,282,404,17,1.351924745889705,0.21902989459575342
R125,1556110800,156,359,203,515,17,1.0507506954759787,0.6361530026861957
R125,1556125200,430,166,-264,596,17,-0.7296072987418726,0.9405401356170588
R125,1556139600,720,108,-612,828,17,-2.0562980524630983,1.8123650101844697
R125,1556154000,131,54,-77,185,17,-0.016701635104317554,-0.6039427240691732
R125,1556168400,13,15,2,28,17,0.2844724153094089,-1.1939276607376366
R125,1556182800,61,333,272,394,17,1.3138014483689802,0.1814512362092271
R125,1556197200,153,336,183,489,17,0.974504100434529,0.5384484908812271
R125,1556211600,466,166,-300,632,17,-0.8668511698164821,1.0758233058085536
R125,1556226000,759,101,-658,860,17,-2.2316652210584325,1.9326167170213537
R125,1556240400,143,50,-93,193,17,-0.07769891113747734,-0.5738797973599521
R125,1556254800,16,11,-5,27,17,0.2577861070449015,-1.1976855265762891
R125,1556269200,62,291,229,353,17,1.1498712690298634,0.02737873682446915
R125,1556283600,170,308,138,478,17,0.8029492615912671,0.49711196665604823
R125,1556298000,450,148,-302,598,17,-0.8744758293206271,0.9480558672943642
R125,1556312400,612,90,-522,702,17,-1.7131883747765742,1.3388739145142379
R125,1556326800,126,68,-58,194,17,0.055732630185059695,-0.5701219315212994
R125,1556341200,20,12,-8,32,17,0.246349117788684,-1.1788961973830259
R125,1556355600,18,62,44,80,17,0.4445902648964533,-0.9985186371276996
R125,1556370000,116,119,3,235,17,0.2882847450614814,-0.4160494321365415
R125,1556384400,198,124,-74,322,17,-0.0052646458481000954,-0.08911510417376246
R125,1556398800,176,87,-89,263,17,-0.062449592129187395,-0.3108291886542678
R125,1556413200,66,61,-5,127,17,0.2577861070449015,-0.8218989427110258
R125,1556427600,28,10,-18,38,17,0.20822582026795916,-1.15634900235111
R125,1556442000,26,37,11,63,17,0.31878338307806126,-1.0624023563847944
R125,1556456400,64,84,20,148,17,0.35309435084671364,-0.7429837600993205
R125,1556470800,137,87,-50,224,17,0.08623126820163958,-0.45738595636172047
R125,1556485200,115,56,-59,171,17,0.051920300432987204,-0.65655284581031
R125,1556499600,44,30,-14,74,17,0.2234751392762491,-1.0210658321596153
R125,1556514000,9,8,-1,17,17,0.2730354260531914,-1.2352641849628154
R125,1556528400,70,348,278,418,17,1.3366754268814152,0.2716400163368903
R125,1556542800,157,371,214,528,17,1.092686322748776,0.6850052585886799
R125,1556557200,457,168,-289,625,17,-0.8249155425436847,1.0495182449379852
R125,1556571600,806,84,-722,890,17,-2.4756543251910714,2.045352692180933
R125,1556586000,121,47,-74,168,18,0.013327108547127257,-0.6923078898356558
R125,1556600400,15,11,-4,26,18,0.2780683188751962,-1.2084234217081373
R125,1556614800,71,331,260,402,18,1.276520883541056,0.15819235282744734
R125,1556629200,143,381,238,524,18,1.1933165031522344,0.6016155562671849
R125,1556643600,457,154,-303,611,18,-0.8527548509546982,0.9178271849496207
R125,1556658000,807,104,-703,911,18,-2.365561767115092,2.0082121114407787
R125,1556672400,144,34,-110,178,18,-0.12282551390730818,-0.6559617256192839
R125,1556686800,12,11,-1,23,18,0.28941437074639914,-1.219327270973049
R125,1556701200,80,346,266,426,18,1.299212987283462,0.24542314694673997
R125,1556715600,167,326,159,493,18,0.8945371372105566,0.48894244719643193
R125,1556730000,504,173,-331,677,18,-0.9586513350859257,1.1577118687776755
R125,1556744400,792,79,-713,871,18,-2.4033819400191017,1.862827454575291
R125,1556758800,132,22,-110,154,18,-0.12282551390730818,-0.7431925197385766
R125,1556773200,14,4,-10,18,18,0.25537621513279024,-1.2375003530812347
R125,1556787600,80,356,276,436,18,1.3370331601874719,0.2817693111631119
R125,1556802000,175,352,177,527,18,0.9626134484377743,0.6125194055320965
R125,1556816400,460,166,-294,626,18,-0.8187166953410893,0.9723464312741786
R125,1556830800,787,116,-671,903,18,-2.2445372138222606,1.979135180067681
R125,1556845200,155,42,-113,197,18,-0.13417156577851114,-0.5869040136081772
R125,1556859600,36,14,-22,50,18,0.20999200764797846,-1.1211926275888446
R125,1556874000,86,296,210,382,18,1.0874200190210068,0.08550002439470347
R125,1556888400,191,375,184,566,18,0.9890875694705812,0.754269445975947
R125,1556902800,529,180,-349,709,18,-1.0267276463131434,1.2740195942700656
R125,1556917200,685,138,-547,823,18,-1.7755670698125383,1.6883658663367056
R125,1556931600,141,59,-82,200,18,-0.016929029776080618,-0.5760001643432656
R125,1556946000,20,15,-5,35,18,0.27428630158479517,-1.1757118739134025
R125,1556960400,24,62,38,86,18,0.4369130450720375,-0.9903464364099057
R125,1556974800,125,151,26,276,18,0.3915288375872257,-0.299769316298839
R125,1556989200,182,139,-43,321,18,0.13056964454955777,-0.1362115773251653
R125,1557003600,179,91,-88,270,18,-0.03962113351848652,-0.32157701482866213
R125,1557018000,92,56,-36,148,18,0.15704376558236466,-0.7650002182683997
R125,1557032400,25,23,-2,48,18,0.28563235345599813,-1.128461860432119
R125,1557046800,15,27,12,42,18,0.3385805955216119,-1.1502695589619423
R125,1557061200,73,72,-1,145,18,0.28941437074639914,-0.7759040675333113
R125,1557075600,135,103,-32,238,18,0.1721718347439686,-0.43788474032105235
R125,1557090000,83,65,-18,148,18,0.22512007680958238,-0.7650002182683997
R125,1557104400,49,26,-23,75,18,0.20620999035757745,-1.0303272170479147
R125,1557118800,15,12,-3,27,18,0.2818503361655971,-1.2047888052865001
R125,1557133200,73,321,248,394,18,1.2311366760562443,0.1291154214543498
R125,1557147600,144,361,217,505,18,1.1138941400538136,0.5325578442560782
R125,1557162000,421,157,-264,578,18,-0.7052561766290598,0.7978848430355933
R125,1557176400,717,102,-615,819,18,-2.0327442455598055,1.6738274006501568
R125,1557190800,113,44,-69,157,19,-0.03828814732227366,-0.6415106617676343
R125,1557205200,17,13,-4,30,19,0.2249428655183578,-1.1304306805834472
R125,1557219600,82,329,247,411,19,1.2414195458721808,0.33632937586399164
R125,1557234000,120,360,240,480,19,1.2130715906431897,0.6019630868741577
R125,1557248400,428,138,-290,566,19,-0.9332735909804205,0.9330427846549445
R125,1557262800,754,128,-626,882,19,-2.2939754419719924,2.1495681858029516
R125,1557277200,146,66,-80,212,19,-0.08283493411068822,-0.4297736457450381
R125,1557291600,17,11,-6,28,19,0.21684344973864605,-1.1381302084388143
R125,1557306000,93,336,243,429,19,1.2252207143127574,0.4056251265622958
R125,1557320400,127,339,212,466,19,1.0996797697272254,0.5480663918865878
R125,1557334800,433,145,-288,578,19,-0.9251741752007088,0.9792399517871473
R125,1557349200,739,105,-634,844,19,-2.3263731050908394,2.003277156550976
R125,1557363600,122,43,-79,165,19,-0.07878522622083235,-0.6107125503461658
R125,1557378000,16,18,2,34,19,0.249241112857493,-1.115031624872713
R125,1557392400,71,379,308,450,19,1.4884517271533888,0.4864701690436507
R125,1557406800,141,348,207,489,19,1.079431230277946,0.6366109622233098
R125,1557421200,434,161,-273,595,19,-0.8644285568528708,1.0446859385577678
R125,1557435600,800,108,-692,908,19,-2.56125616270248,2.2496620479227243
R125,1557450000,133,40,-93,173,19,-0.1354811366788145,-0.5799144389246972
R125,1557464400,17,15,-2,32,19,0.23304228129806953,-1.12273115272808
R125,1557478800,73,319,246,392,19,1.237369837982325,0.26318386123800386
R125,1557493200,143,352,209,495,19,1.087530646057658,0.6597095457894112
R125,1557507600,432,180,-252,612,19,-0.7793846911658976,1.1101319253283886
R125,1557522000,644,96,-548,740,19,-1.9780982265632345,1.602901708071885
R125,1557536400,144,59,-85,203,19,-0.10308347355996755,-0.4644215210941902
R125,1557550800,15,14,-1,29,19,0.2370919891879254,-1.1342804445111307
R125,1557565200,29,47,18,76,19,0.3140364390951869,-0.9533415399100031
R125,1557579600,112,103,-9,215,19,0.20469432606907845,-0.4182243539619874
R125,1557594000,170,130,-40,300,19,0.07915338148354653,-0.09099442010888426
R125,1557608400,156,102,-54,258,19,0.022457471025564366,-0.25268450507159407
R125,1557622800,85,46,-39,131,19,0.0832030893734024,-0.741604523887407
R125,1557637200,14,18,4,32,19,0.25734052863720475,-1.12273115272808
R125,1557651600,19,21,2,40,19,0.249241112857493,-1.0919330413066115
R125,1557666000,65,72,7,137,19,0.26948965230677235,-0.7185059403213057
R125,1557680400,84,62,-22,146,19,0.15204812350095215,-0.6838580649721535
R125,1557694800,81,58,-23,139,19,0.14799841561109628,-0.7108064124659385
R125,1557709200,47,43,-4,90,19,0.2249428655183578,-0.8994448449224333
R125,1557723600,8,4,-4,12,19,0.2249428655183578,-1.1997264312817515
R125,1557735928,59,197,138,256,19,0.8000013858778912,-0.2603840329269612
R125,1557736009,2,1,-1,3,19,0.2370919891879254,-1.2343743066309036
R125,1557738000,67,146,79,213,19,0.5610686203763949,-0.4259238818173546
R125,1557752400,117,353,236,470,19,1.1968727590837662,0.5634654475973221
R125,1557766800,402,167,-235,569,19,-0.7105396570383478,0.9445920764379951
R125,1557781200,659,94,-565,753,19,-2.0469432606907842,1.6529486391317714
R125,1557795600,141,53,-88,194,20,0.07410825944462972,-0.6669033228397648
R125,1557810000,14,11,-3,25,20,0.33893957697949256,-1.1840758111514278
R125,1557824400,74,388,314,462,20,1.3266046082565692,0.15322819708642246
R125,1557838800,109,354,245,463,20,1.1116238916694454,0.15628838932495304
R125,1557853200,419,182,-237,601,20,-0.39012546188118874,0.5785949182421689
R125,1557867600,735,89,-646,824,20,-1.664431448607764,1.2610177874344815
R125,1557882000,130,65,-65,195,20,0.14576849830700436,-0.6638431306012343
R125,1557896400,11,9,-2,20,20,0.34205523953872624,-1.1993767723440805
R125,1557910800,77,359,282,436,20,1.2269034063610915,0.07366319888462819
R125,1557925200,124,326,202,450,20,0.9776504016223971,0.11650589022405589
R125,1557939600,428,176,-252,604,20,-0.43686040026969397,0.5877754949577605
R125,1557954000,819,116,-703,935,20,-1.8420242144840837,1.6006991259113725
R125,1557968400,148,62,-86,210,20,0.08033958456309707,-0.6179402470232761
R125,1557982800,26,12,-14,38,20,0.3046672888279221,-1.1442933120505305
R125,1557997200,75,340,265,415,20,1.173937142854119,0.00939916187548664
R125,1558011600,230,373,143,603,20,0.7938263106276099,0.58471530271923
R125,1558026000,638,162,-476,800,20,-1.1347688135380385,1.1875731737097484
R125,1558040400,1041,113,-928,1154,20,-2.543048290311662,2.270881226149563
R125,1558054800,249,94,-155,343,20,-0.1346411320240269,-0.21093467929871293
R125,1558069200,25,22,-3,47,20,0.33893957697949256,-1.1167515819037557
R125,1558083600,121,340,219,461,20,1.0306166651293696,0.15016800484789192
R125,1558098000,270,385,115,655,20,0.7065877589690669,0.7438452991228186
R125,1558112400,751,178,-573,929,20,-1.4369880817837055,1.5823379724801891
R125,1558126800,892,119,-773,1011,20,-2.0601205936304416,1.8332737360396942
R125,1558141200,161,63,-98,224,20,0.042951633852292906,-0.5750975556838483
R125,1558155600,18,20,2,38,20,0.35451788977566095,-1.1442933120505305
R125,1558170000,23,66,43,89,20,0.4822600547042418,-0.9882235078854725
R125,1558184400,99,133,34,232,20,0.4542190916711387,-0.550616017775604
R125,1558198800,200,160,-40,360,20,0.22366006228784638,-0.1589114112436936
R125,1558213200,208,95,-113,303,20,-0.0037833045362123075,-0.33334236883993495
R125,1558227600,114,41,-73,155,20,0.12084319783313492,-0.7862508201424563
R125,1558242000,23,26,3,49,20,0.35763355233489463,-1.1106311974266945
R125,1558256400,28,46,18,74,20,0.4043684907233998,-1.0341263914634309
R125,1558270800,73,99,26,172,20,0.4292937911972693,-0.734227552087437
R125,1558285200,152,100,-52,252,20,0.1862721115770422,-0.48941217300499296
R125,1558299600,157,61,-96,218,20,0.04918295897076026,-0.5934587091150316
R125,1558314000,79,41,-38,120,20,0.22989138740631374,-0.8933575484910256
R125,1558328400,7,9,2,16,20,0.35451788977566095,-1.2116175412982026
R125,1558342800,135,334,199,469,20,0.968303413944696,0.1746495427561363
R125,1558357200,224,410,186,634,20,0.9277998006746582,0.679581262113677
R125,1558371600,675,178,-497,853,20,-1.2001977272819457,1.3497633623518674
R125,1558386000,1075,93,-982,1168,20,-2.7112940685102807,2.3137239174889905
R125,1558400400,168,47,-121,215,21,0.0010362395219429101,-0.4828343289636521
R125,1558414800,18,12,-6,30,21,0.37556280959560084,-1.0165485383286883
R125,1558429200,128,384,256,512,21,1.228832038806891,0.3739933476926495
R125,1558443600,268,362,94,630,21,0.7012380879205208,0.7144164650173754
R125,1558458000,701,167,-534,868,21,-1.3440026599599764,1.401032583011314
R125,1558472400,1120,125,-995,1245,21,-2.8453656930378575,2.4886555934470906
R125,1558486800,231,58,-173,289,21,-0.16831490520701545,-0.2693486452176375
R125,1558501200,12,5,-7,17,21,0.3723060568123516,-1.0540527800678532
R125,1558515600,136,348,212,484,21,1.0855349163439263,0.2932149808698332
R125,1558530000,214,364,150,578,21,0.8836162437824759,0.5643994980607165
R125,1558544400,699,172,-527,871,21,-1.321205390477232,1.4096874080280444
R125,1558558800,1038,129,-909,1167,21,-2.565284953678426,2.2636301430121026
R125,1558573200,208,45,-163,253,21,-0.13574737737452347,-0.37320654541840137
R125,1558587600,24,18,-6,42,21,0.37556280959560084,-0.9819292382617671
R125,1558602000,106,355,249,461,21,1.2060347693241467,0.2268613224082341
R125,1558616400,244,375,131,619,21,0.8217379409007411,0.6826821066226976
R125,1558630800,674,185,-489,859,21,-1.1974487847137625,1.375068107961123
R125,1558645200,1115,113,-1002,1228,21,-2.8681629625206018,2.439611585018952
R125,1558659600,210,48,-162,258,21,-0.13249062459127425,-0.35878183705718414
R125,1558674000,15,14,-1,29,21,0.3918465735118468,-1.019433480000932
R125,1558687184,107,12,-95,119,21,0.08571181188642209,-0.7597887294990223
R125,1558688400,66,316,250,382,21,1.2092915221073959,-0.0010490696989976442
R125,1558688977,4,1,-3,5,21,0.38533306794534844,-1.0886720801347745
R125,1558702800,271,346,75,617,21,0.639359785038786,0.6769122232782107
R125,1558717200,878,186,-692,1064,21,-1.85856959971335,1.9664811507710283
R125,1558731600,596,109,-487,705,21,-1.190935279147264,0.9307870904356333
R125,1558746000,152,61,-91,213,21,0.09873882301941889,-0.48860421230813894
R125,1558760400,22,19,-3,41,21,0.38533306794534844,-0.9848141799340105
R125,1558774800,30,53,23,83,21,0.4700086403098276,-0.8636466296997861
R125,1558789200,113,150,37,263,21,0.5156031792753164,-0.34435712869596696
R125,1558803600,211,146,-65,357,21,0.18341439538389806,-0.07317261150508364
R125,1558818000,201,89,-112,290,21,0.030347014571185705,-0.2664637035453941
R125,1558832400,84,55,-29,139,21,0.30065749558086924,-0.7020898960541535
R125,1558846800,22,22,0,44,21,0.39510332629509604,-0.9761593549172802
R125,1558861200,20,33,13,53,21,0.4374411124773356,-0.9501948798670893
R125,1558875600,91,153,62,244,21,0.5970219988565464,-0.3991710204685923
R125,1558890000,175,143,-32,318,21,0.29088723723112164,-0.18568533672257778
R125,1558904400,174,68,-106,242,21,0.0498875312706809,-0.4049409038130792
R125,1558918800,99,50,-49,149,21,0.23552243991588526,-0.673240479331719
R125,1558933200,13,11,-2,24,21,0.3885898207285976,-1.033858188362149
R125,1558947600,27,43,16,70,21,0.4472113708270832,-0.9011508714389508
R125,1558962000,77,147,70,224,21,0.62307602112254,-0.45686985391346113
R125,1558976400,137,123,-14,260,21,0.3495087873296072,-0.3530119537126973
R125,1558990800,182,81,-101,263,21,0.0661712951869269,-0.34435712869596696
R125,1559005200,92,28,-64,120,22,0.22188540623439457,-0.8644686429724936
R125,1559019600,11,13,2,24,22,0.4178912526594238,-1.1324632276614905
R125,1559034000,103,350,247,453,22,1.1454887128735474,0.06513757266746448
R125,1559048400,249,381,132,630,22,0.8039633744056934,0.5592525881878025
R125,1559062800,661,144,-517,805,22,-1.1234274487737606,1.0477843831937865
R125,1559077200,1129,121,-1008,1250,22,-2.581592154753902,2.290050947637574
R125,1559091600,163,28,-135,191,22,0.011030632049893442,-0.666264314712923
R125,1559106000,16,9,-7,25,22,0.3911631826923743,-1.1296716174043135
R125,1559120400,130,371,241,501,22,1.127669999562181,0.19913486501196295
R125,1559134800,244,394,150,638,22,0.8574195143397922,0.581585470245219
R125,1559149200,680,151,-529,831,22,-1.159064875396493,1.12036624988039
R125,1559163600,1076,110,-966,1186,22,-2.456861161574338,2.111387891178243
R125,1559178000,175,39,-136,214,22,0.00806084649799906,-0.6020572787978508
R125,1559192400,18,5,-13,23,22,0.373344469381008,-1.1352548379186675
R125,1559206800,119,366,247,485,22,1.1454887128735474,0.15446910089713012
R125,1559221200,254,365,111,619,22,0.7415978778159114,0.528544875358855
R125,1559235600,666,168,-498,834,22,-1.0670015232877672,1.1287410806519211
R125,1559250000,1058,115,-943,1173,22,-2.388556093880767,2.0750969578349414
R125,1559264400,178,45,-133,223,22,0.016970203153682206,-0.5769327864832573
R125,1559278800,26,10,-16,36,22,0.3644351127253249,-1.0989639045753659
R125,1559293200,107,249,142,356,22,0.8336612299246372,-0.2056486222787095
R125,1559307600,246,419,173,665,22,0.925724582033363,0.6569589471889994
R125,1559322000,719,165,-554,884,22,-1.2333095141938526,1.2683215935107737
R125,1559336400,856,151,-705,1007,22,-1.681747132529904,1.611689655143551
R125,1559350800,184,67,-117,251,22,0.06448677198399232,-0.4987676992822999
R125,1559365200,25,27,2,52,22,0.4178912526594238,-1.0542981404605332
R125,1559379600,30,54,24,84,22,0.48322653480110017,-0.9649666122308675
R125,1559394000,114,138,24,252,22,0.48322653480110017,-0.49597608902512286
R125,1559408400,211,109,-102,320,22,0.10903355526240804,-0.30614659153708335
R125,1559422800,217,94,-123,311,22,0.04666805867262602,-0.3312710838516768
R125,1559437200,112,58,-54,170,22,0.2515832617533384,-0.7248881301136411
R125,1559451600,23,17,-6,40,22,0.3941329682442687,-1.0877974635466579
R125,1559466000,26,24,-2,50,22,0.40601211045184626,-1.0598813609748872
R125,1559480400,82,112,30,194,22,0.5010452481124664,-0.6578894839413918
R125,1559494800,134,100,-34,234,22,0.310978972791226,-0.5462250736543098
R125,1559509200,115,65,-50,180,22,0.2634624039609159,-0.6969720275418706
R125,1559523600,50,28,-22,78,22,0.3466163994139586,-0.9817162737739298
R125,1559538000,6,7,1,13,22,0.41492146710752936,-1.1631709404904382
R125,1559552400,83,383,300,466,22,1.3028873471239495,0.10142850601076615
R125,1559566800,218,334,116,552,22,0.7564468055753834,0.3415069881279926
R125,1559581200,491,203,-288,694,22,-0.443346557389947,0.7379156446471339
R125,1559595600,839,93,-746,932,22,-1.8035083401575738,1.4023188858552722
R125,1559610000,115,56,-59,171,23,0.051298590464504835,-0.7328828924871045
R125,1559624400,13,3,-10,16,23,0.2299533509747721,-1.270427129135784
R125,1559636123,36,5,-31,41,23,0.1533870250418004,-1.1837264458053518
R125,1559638800,55,388,333,443,23,1.4805366745466428,0.21042054214799782
R125,1559653200,190,344,154,534,23,0.8278998963560747,0.5260110294707709
R125,1559667600,482,181,-301,663,23,-0.8310371655249784,0.9733865554558011
R125,1559682000,827,101,-726,928,23,-2.380593761787501,1.8924137987583824
R125,1559696400,159,70,-89,229,23,-0.058081875154026144,-0.5317373071605017
R125,1559710800,26,8,-18,34,23,0.20078522680983052,-1.208002637137873
R125,1559725200,83,346,263,429,23,1.225315588103404,0.1618681594829558
R125,1559739600,200,394,194,594,23,0.9737405171807827,0.7340926694638082
R125,1559754000,473,172,-301,645,23,-0.8310371655249784,0.9109620634578899
R125,1559768400,850,135,-715,985,23,-2.340487591060706,2.090091356751768
R125,1559782800,137,55,-82,192,23,-0.03255976650970225,-0.6600543184895414
R125,1559797200,15,7,-8,22,23,0.2372453820160075,-1.2496189651364802
R125,1559811600,59,365,306,424,23,1.3820942554899651,0.14452802281686936
R125,1559826000,198,373,175,571,23,0.9044662222890464,0.6543280407998107
R125,1559840400,500,210,-290,710,23,-0.7909309947981837,1.1363838401170137
R125,1559854800,796,117,-679,913,23,-2.2092310323184687,1.8403933887601232
R125,1559869200,168,50,-118,218,23,-0.16381632525193943,-0.5698856078258919
R125,1559883600,22,19,-3,41,23,0.255475459619096,-1.1837264458053518
R125,1559898000,71,354,283,425,23,1.298235898515758,0.14799605015008663
R125,1559912400,214,395,181,609,23,0.9263423154127526,0.7861130794620675
R125,1559926800,547,191,-356,738,23,-1.031568019158952,1.2334886054470977
R125,1559941200,655,133,-522,788,23,-1.63680659558149,1.406889972107962
R125,1559955600,149,80,-69,229,23,0.01483843525832784,-0.5317373071605017
R125,1559970000,18,23,5,41,23,0.2846435837840376,-1.1837264458053518
R125,1559984400,25,55,30,80,23,0.3757939717994801,-1.0484733798098775
R125,1559998800,139,159,20,298,23,0.3393338165933031,-0.2924434211685089
R125,1560013200,218,194,-24,412,23,0.17890913368612432,0.1029116948182619
R125,1560027600,226,96,-130,322,23,-0.20756851149935182,-0.209210765171294
R125,1560042000,90,81,-9,171,23,0.2335993664953898,-0.7328828924871045
R125,1560056400,22,22,0,44,23,0.2664135061809491,-1.1733223638057
R125,1560070800,24,44,20,68,23,0.3393338165933031,-1.090089707808485
R125,1560085200,76,137,61,213,23,0.4888204529386287,-0.5872257444919784
R125,1560099600,119,140,21,259,23,0.3429798321139208,-0.4276964871639831
R125,1560114000,153,79,-74,232,23,-0.0033916423447606565,-0.5213332251608499
R125,1560128400,58,45,-13,103,23,0.219015304412919,-0.96870875114588
R125,1560142800,14,9,-5,23,23,0.2481834285778606,-1.246150937803263
R125,1560157200,72,411,339,483,23,1.5024127676703491,0.3491416354766893
R125,1560171600,179,329,150,508,23,0.813315834273604,0.4358423188071215
R125,1560186000,503,169,-334,672,23,-0.9513556777053626,1.0045988014547567
R125,1560200400,815,104,-711,919,23,-2.3259035289782353,1.861201552759427
R125,1560214800,108,33,-75,141,24,0.04156797172791821,-0.9260033225903619
R125,1560229200,9,10,1,19,24,0.3117597879593865,-1.3015188607208437
R125,1560243600,73,406,333,479,24,1.4920714062336955,0.11435939780392343
R125,1560258000,211,392,181,603,24,0.9516877737707587,0.4960309283627737
R125,1560272400,502,205,-297,707,24,-0.7476765441061077,0.8161425346379384
R125,1560286800,824,141,-683,965,24,-2.1199665581238283,1.6102655578974818
R125,1560301200,165,41,-124,206,24,-0.13263464663184427,-0.725933568668384
R125,1560315600,16,15,-1,31,24,0.3046494770059268,-1.2645829061506324
R125,1560327492,40,186,146,226,24,0.8272573320852141,-0.6643736443846985
R125,1560330000,66,198,132,264,24,0.7774851554109963,-0.547409788245696
R125,1560344400,170,385,215,555,24,1.0725630599795735,0.3482871100819284
R125,1560358800,486,203,-283,689,24,-0.6979043674318899,0.7607386027826214
R125,1560373200,787,112,-675,899,24,-2.0915253143099894,1.4071178077613193
R125,1560387600,147,62,-85,209,24,0.006016416960619744,-0.7166995800258311
R125,1560402000,13,21,8,34,24,0.33664587629649545,-1.2553489175080794
R125,1560414419,45,220,175,265,24,0.9303568409103797,-0.5443317920315117
R125,1560416400,78,145,67,223,24,0.5464000494235564,-0.6736076330272512
R125,1560430800,209,369,160,578,24,0.877029508759432,0.41908102300816674
R125,1560445200,460,187,-273,647,24,-0.6623528126645913,0.6314627617868819
R125,1560459600,794,137,-657,931,24,-2.027532515728852,1.5056136866152163
R125,1560474000,147,65,-82,212,24,0.016681883390809282,-0.7074655913832784
R125,1560488400,14,12,-2,26,24,0.30109432152919696,-1.2799728872215537
R125,1560502800,75,351,276,426,24,1.2894275440600942,-0.04877440154784321
R125,1560517200,203,23,-180,226,24,-0.33172335332871566,-0.6643736443846985
R125,1560531600,626,563,-63,1189,24,0.08422983744867636,2.2997367098747596
R125,1560546000,603,135,-468,738,24,-1.3556081306269114,0.9115604172776509
R125,1561165200,9145,6413,-2732,15558,25,-3.9352392186968377,4.11121733245302
R125,1561179600,0,0,0,0,25,0.27252586183273747,-0.28335853066031585
R125,1561194000,1,0,-1,1,25,0.27098568427763875,-0.28307606659918244
R125,1561208400,0,0,0,0,25,0.27252586183273747,-0.28335853066031585
R125,1561222800,0,1,1,1,25,0.27406603938783614,-0.28307606659918244
R125,1561237200,1,1,0,2,25,0.27252586183273747,-0.2827936025380491
R125,1561251600,1,1,0,2,25,0.27252586183273747,-0.2827936025380491
R125,1561266000,0,0,0,0,25,0.27252586183273747,-0.28335853066031585
R125,1561280400,1,2,1,3,25,0.27406603938783614,-0.28251113847691567
R125,1561294800,0,0,0,0,25,0.27252586183273747,-0.28335853066031585
R125,1561309200,1,1,0,2,25,0.27252586183273747,-0.2827936025380491
R125,1561323600,2,3,1,5,25,0.27406603938783614,-0.2819462103546489
R125,1561338000,1,3,2,4,25,0.2756062169429348,-0.2822286744157823
R125,1561352400,0,0,0,0,25,0.27252586183273747,-0.28335853066031585
R125,1561366800,74,373,299,447,25,0.7330389508072407,-0.15709709533368899
R125,1561381200,152,357,205,509,25,0.5882622606279654,-0.1395843235434186
R125,1561395600,435,172,-263,607,25,-0.13254083515821358,-0.11190284555234603
R125,1561410000,807,109,-698,916,25,-0.8025180716261363,-0.024621450662127453
R125,1561424400,121,39,-82,160,26,-0.1050879008362954,-0.7654937679174911
R125,1561438800,12,11,-1,23,26,0.20851651902780716,-1.2640958893344307
R125,1561453200,61,400,339,461,26,1.5248807505561388,0.3299751265825002
R125,1561467600,163,371,208,534,26,1.0176933554672816,0.5956536292353221
R125,1561482000,435,179,-256,614,26,-0.7787566546184416,0.8868081526904692
R125,1561496400,816,116,-700,932,26,-2.497773474614263,2.0441473834246797
R125,1561510800,144,56,-88,200,26,-0.12831785786326597,-0.6199165061899174
R125,1561525200,9,10,1,19,26,0.21625983803679735,-1.278653615507188
R125,1561539600,77,393,316,470,26,1.4358325819527515,0.3627300104712043
R125,1561554000,206,342,136,548,26,0.738933871143635,0.6466056708399728
R125,1561568400,419,171,-248,590,26,-0.7477833785824809,0.7994617956539251
R125,1561582800,792,133,-659,925,26,-2.339035434929964,2.0186713626223542
R125,1561597200,154,69,-85,223,26,-0.11670287934978069,-0.5362095806965627
R125,1561611600,13,12,-1,25,26,0.20851651902780716,-1.256817026248052
R125,1561626000,63,359,296,422,26,1.3583993918628499,0.18803729639811598
R125,1561640400,190,404,214,594,26,1.040923312494252,0.8140195218266825
R125,1561654800,432,221,-211,653,26,-0.6045319769161625,1.0287459828748535
R125,1561669200,780,155,-625,935,26,-2.207399011777131,2.0550656780542473
R125,1561683600,155,63,-92,218,26,-0.14380449588124633,-0.5544067384125094
R125,1561698000,19,13,-6,32,26,0.18915822150533168,-1.2313410054457266
R125,1561712400,54,308,254,362,26,1.1957896926740559,-0.03032859619324443
R125,1561726800,184,336,152,520,26,0.8008804232155564,0.5447015876306712
R125,1561741200,470,203,-267,673,26,-0.8213449091678876,1.1015346137386404
R125,1561755600,607,142,-465,749,26,-1.5879334910579161,1.37813141102103
R125,1561770000,134,81,-53,215,26,0.007190224794062304,-0.5653250330420774
R125,1561784400,17,25,8,42,26,0.243361454568263,-1.1949466900138332
R125,1561798800,22,63,41,85,26,0.3711262182166011,-1.0384511336566915
R125,1561813200,89,153,64,242,26,0.46017438681998823,-0.46706038137596523
R125,1561827600,176,161,-15,337,26,0.15431328596487584,-0.12131438477297793
R125,1561842000,155,97,-58,252,26,-0.012168072728413162,-0.4306660659440718
R125,1561856400,83,74,-9,157,26,0.1775432429918464,-0.7764120625470591
R125,1561870800,24,31,7,55,26,0.2394897950637679,-1.1476340799523719
R125,1561885200,17,30,13,47,26,0.2627197520907385,-1.1767495322978865
R125,1561899600,86,135,49,221,26,0.40209949425256186,-0.5434884437829414
R125,1561914000,134,113,-21,247,26,0.13108332893790528,-0.4488632236600185
R125,1561928400,134,87,-47,221,26,0.030420181821032864,-0.5434884437829414
R125,1561942800,58,45,-13,103,26,0.16205660497386604,-0.9729413658792835
R125,1561957200,14,18,4,32,26,0.22787481655028263,-1.2313410054457266
R125,1561971600,61,364,303,425,26,1.3855010083943153,0.19895559102768398
R125,1561986000,183,353,170,536,26,0.8705702942964682,0.6029324923217008
R125,1562000400,405,194,-211,599,26,-0.6045319769161625,0.8322166795426291
R125,1562014800,761,95,-666,856,26,-2.36613705146143,1.7675505861422895
R125,1562029200,142,56,-86,198,27,-0.27589704345510807,-0.22168171728159433
R125,1562043600,12,16,4,28,27,0.2021578563028935,-0.9218567587502368
R125,1562058000,57,382,325,439,27,1.9072203321064325,0.7709193709180693
R125,1562072400,176,376,200,552,27,1.2432551935536524,1.2363298396589903
R125,1562086800,427,206,-221,633,27,-0.9929793930921105,1.5699426535352259
R125,1562101200,815,121,-694,936,27,-3.5054234773758304,2.817901698035218
R125,1562115600,138,56,-82,194,27,-0.25465015902141913,-0.23815642413968005
R125,1562130000,13,12,-1,25,27,0.1755992507607823,-0.934212788893801
R125,1562144400,88,347,259,435,27,1.5566467389505647,0.7544446640599836
R125,1562158800,243,336,93,579,27,0.6749010349524729,1.3475341109510688
R125,1562173200,593,188,-405,781,27,-1.9703360770418026,2.179506807284397
R125,1562187600,514,121,-393,635,27,-1.9065954237407359,1.5781800069642686
R125,1562202000,123,54,-69,177,27,-0.18559778461193002,-0.3081739282865443
R125,1562216400,14,12,-2,26,27,0.17028752965236008,-0.9300941121792796
R125,1562230800,25,56,31,81,27,0.345574326230294,-0.7035668928806011
R125,1562245200,65,191,126,256,27,0.8501878315304068,0.017201532160648347
R125,1562259600,137,151,14,288,27,0.2552750673871159,0.14899918702533396
R125,1562274000,154,186,32,340,27,0.3508860473387162,0.3631703761804481
R125,1562288400,195,91,-104,286,27,-0.3715080234067084,0.14076183359629113
R125,1562302800,13,13,0,26,27,0.18091097186920455,-0.9300941121792796
R125,1562315371,32,118,86,150,27,0.6377189871935172,-0.41937819957862277
R125,1562315451,1,0,-1,1,27,0.1755992507607823,-1.0330610300423153
R125,1562315535,28,7,-21,35,27,0.0693648285923375,-0.8930260217485867
R125,1562315615,2,0,-2,2,27,0.17028752965236008,-1.0289423533277937
R125,1562317200,14,71,57,85,27,0.4836790750492722,-0.6870921860225154
R125,1562331600,150,246,96,396,27,0.6908361982777396,0.593816272193648
R125,1562346000,349,165,-184,514,27,-0.7964457120804876,1.0798201245071761
R125,1562360400,345,122,-223,467,27,-1.003602835308955,0.8862423189246692
R125,1562374800,87,52,-35,139,27,-0.004999266925573855,-0.46468364343835844
R125,1562389200,12,17,5,29,27,0.20746957741131575,-0.9177380820357153
R125,1562403600,23,42,19,65,27,0.2818336729292271,-0.7694657203129439
R125,1562418000,93,115,22,208,27,0.2977688362544938,-0.1804949501363801
R125,1562432400,123,102,-21,225,27,0.0693648285923375,-0.11047744598951585
R125,1562446800,136,91,-45,227,27,-0.05811647800979625,-0.10224009256047299
R125,1562461200,74,38,-36,112,27,-0.010310988033996096,-0.575887914730437
R125,1562475600,16,27,11,43,27,0.23933990406184918,-0.8600766080324154
R125,1562490000,22,35,13,57,27,0.24996334627869365,-0.8024151340291154
R125,1562504400,55,100,45,155,27,0.41993842174820534,-0.3987848160060157
R125,1562518800,119,123,4,242,27,0.2021578563028935,-0.040459941842651614
R125,1562533200,139,64,-75,203,27,-0.21746811126246346,-0.2010883337089872
R125,1562547600,64,37,-27,101,27,0.037494501941804065,-0.6211933585901727
R125,1562562000,11,6,-5,17,27,0.15435236632709334,-0.9671622026099724
R125,1562574527,41,246,205,287,27,1.2698137990957636,0.14488051031081253
R125,1562574607,0,0,0,0,27,0.18091097186920455,-1.0371797067568367
R125,1562574689,57,3,-54,60,27,-0.10592196798559642,-0.7900591038855511
R125,1562574770,1,0,-1,1,27,0.1755992507607823,-1.0330610300423153
R125,1562574851,1,1,0,2,27,0.18091097186920455,-1.0289423533277937
R125,1562576400,15,118,103,133,27,0.7280182460366953,-0.489395703725487
R125,1562590800,151,371,220,522,27,1.3494896157220972,1.1127695382233476
R125,1562605200,403,170,-233,573,27,-1.0567200463931774,1.3228220506639403
R125,1562619600,782,95,-687,877,27,-3.4682414296168744,2.574899771878454
R125,1562634000,126,39,-87,165,28,-0.05068751587325404,-0.758321127407014
R125,1562648400,14,9,-5,23,28,0.2378543100234187,-1.2289868786668152
R125,1562662800,76,387,311,463,28,1.3497959805520598,0.2294140407297523
R125,1562677200,201,395,194,596,28,0.9380960582360756,0.6702488640928057
R125,1562691600,450,184,-266,634,28,-0.6805532089891616,0.7962016707679638
R125,1562706000,816,132,-684,948,28,-2.151412760511225,1.83696959961006
R125,1562720400,143,50,-93,193,28,-0.07180033240227887,-0.6655137961726869
R125,1562734800,12,12,0,24,28,0.25544832379760607,-1.2256723311227322
R125,1562749200,70,454,384,524,28,1.6066685816551953,0.4316014409188219
R125,1562763600,230,414,184,644,28,0.9029080306877009,0.8293471462087949
R125,1562778000,443,166,-277,609,28,-0.7192600392923738,0.7133379821658861
R125,1562792400,797,148,-649,945,28,-2.0282546640919135,1.8270259569778107
R125,1562806800,152,41,-111,193,28,-0.1351387819893534,-0.6655137961726869
R125,1562821200,20,11,-9,31,28,0.2237790990040688,-1.2024704983141503
R125,1562835600,70,394,324,464,28,1.395540416364947,0.2327285882738354
R125,1562850000,185,387,202,572,28,0.9662464802747753,0.5906997230348111
R125,1562864400,469,171,-298,640,28,-0.7931548971439607,0.8160889560324625
R125,1562878800,824,139,-685,963,28,-2.1549315632660626,1.8866878127713065
R125,1562893200,120,49,-71,169,28,0.0056133282041455155,-0.7450629372306815
R125,1562907600,16,14,-2,30,28,0.2484107182879311,-1.2057850458582335
R125,1562922000,65,344,279,409,28,1.2371942923972608,0.05042847334926446
R125,1562936400,277,358,81,635,28,0.5404713469394413,0.7995162183120469
R125,1562950800,739,180,-559,919,28,-1.711562416156541,1.7408477208316497
R125,1562965200,787,137,-650,924,28,-2.031773466846751,1.7574204585520654
R125,1562979600,138,69,-69,207,28,0.01265093371382046,-0.6191101305555233
R125,1562994000,29,22,-7,51,28,0.23081670451374375,-1.1361795474324883
R125,1563008400,24,76,52,100,28,0.4384260670491546,-0.973766717772416
R125,1563022800,90,183,93,273,28,0.582696979997491,-0.40034999264603827
R125,1563037200,172,125,-47,297,28,0.09006459432024486,-0.32080085158804367
R125,1563051600,173,94,-79,267,28,-0.022537093834554264,-0.4202372779105369
R125,1563066000,118,61,-57,179,28,0.05487656677187013,-0.7119174617898504
R125,1563080400,16,22,6,38,28,0.27656114032663087,-1.1792686655055686
R125,1563094800,22,36,14,58,28,0.30471156236533065,-1.1129777146239066
R125,1563109200,75,135,60,210,28,0.4665764890878544,-0.6091664879232741
R125,1563123600,117,122,5,239,28,0.2730423375717934,-0.5130446091448639
R125,1563138000,170,71,-99,241,28,-0.09291314893130372,-0.5064155140566977
R125,1563152400,67,33,-34,100,28,0.135809030133132,-0.973766717772416
R125,1563166800,11,8,-3,19,28,0.24489191553309364,-1.2422450688431477
R125,1563181200,69,391,322,460,28,1.3885028108552722,0.21947039809750296
R125,1563195600,165,387,222,552,28,1.0366225353715248,0.524408772153149
R125,1563210000,451,162,-289,613,28,-0.7614856723504234,0.7265961723422185
R125,1563224400,785,133,-652,918,28,-2.038811072356426,1.7375331732875667
R125,1563238800,154,69,-85,223,29,-0.06415110692240583,-0.5385589362857972
R125,1563253200,17,14,-3,31,29,0.2412013914628714,-1.2000515058906847
R125,1563267600,74,407,333,481,29,1.4924018726513244,0.3503217041207701
R125,1563282000,168,392,224,560,29,1.0865064784562608,0.6224983343227811
R125,1563296400,474,182,-292,656,29,-0.834979974797435,0.9532446191252247
R125,1563310800,825,124,-701,949,29,-2.358018655767903,1.9627098425326832
R125,1563325200,171,75,-96,246,29,-0.10511302743750399,-0.45931763888521177
R125,1563339600,14,12,-2,26,29,0.24492520241878943,-1.217277874890812
R125,1563354000,65,399,334,464,29,1.4961256836072425,0.2917520495203374
R125,1563368400,218,424,206,642,29,1.0194778812497365,0.9050107859248684
R125,1563382800,487,186,-301,673,29,-0.8684942734006972,1.0118142737256575
R125,1563397200,789,125,-664,914,29,-2.2202376503989365,1.8421252595317923
R125,1563411600,171,51,-120,222,29,-0.19448449037953636,-0.5420042100858227
R125,1563426000,17,14,-3,31,29,0.2412013914628714,-1.2000515058906847
R125,1563440400,70,373,303,443,29,1.380687543973784,0.21940129971980285
R125,1563454800,181,380,199,561,29,0.9934112045583104,0.6259436081228066
R125,1563469200,461,198,-263,659,29,-0.7269894570758125,0.9635804405253011
R125,1563483600,810,115,-695,925,29,-2.3356757900323952,1.8800232713320724
R125,1563498000,167,72,-95,239,29,-0.10138921648158598,-0.48343455548538994
R125,1563512400,18,18,0,36,29,0.25237282433062547,-1.1828251368905573
R125,1563526091,54,293,239,347,29,1.142363642795031,-0.11134498508264082
R125,1563526171,1,0,-1,1,29,0.24864901337470743,-1.3034097198914483
R125,1563526800,54,54,0,108,29,0.25237282433062547,-0.9347654232887246
R125,1563541200,214,345,131,559,29,0.7401920595558854,0.6190530605227557
R125,1563555600,517,197,-320,714,29,-0.9392466815631394,1.1530704995267012
R125,1563570000,659,148,-511,807,29,-1.6504945741434802,1.4734809629290684
R125,1563584400,159,83,-76,242,29,-0.030636808319143692,-0.4730987340853136
R125,1563598800,22,22,0,44,29,0.25237282433062547,-1.1552629464903537
R125,1563613200,33,69,36,102,29,0.386430018743674,-0.9554370660888772
R125,1563627600,235,167,-68,402,29,-0.0008463206717995729,0.0781450739187592
R125,1563642000,171,128,-43,299,29,0.0922489532261508,-0.27671812748386265
R125,1563656400,205,78,-127,283,29,-0.22055116707096245,-0.3318425082842699
R125,1563670800,99,67,-32,166,29,0.13321087374124896,-0.7349395428872482
R125,1563685200,18,21,3,39,29,0.2635442571983795,-1.172489315490481
R125,1563699600,28,43,15,71,29,0.30822998866939566,-1.0622405538896664
R125,1563714000,77,137,60,214,29,0.47580148168570635,-0.5695664004860264
R125,1563728400,111,112,1,223,29,0.2560966352865435,-0.5385589362857972
R125,1563742800,144,102,-42,246,29,0.09597276418206882,-0.45931763888521177
R125,1563757200,74,57,-17,131,29,0.1890680380800192,-0.8555241258881391
R125,1563771600,8,10,2,18,29,0.2598204462424615,-1.2448400652910154
R125,1563786000,73,386,313,459,29,1.417925653532964,0.27452568052021015
R125,1563800400,188,373,185,561,29,0.9412778511754581,0.6259436081228066
R125,1563814800,449,182,-267,631,29,-0.7418847008994847,0.8671127741245884
R125,1563829200,892,150,-742,1042,29,-2.5106949049605416,2.2831203059350504
R125,1563843600,131,36,-95,167,30,-0.12903829120836102,-0.7849045326540723
R125,1563858000,13,7,-6,20,30,0.199982945174213,-1.3098179408653206
R125,1563872400,68,376,308,444,30,1.3607994420745302,0.2042180120705245
R125,1563886800,168,394,226,562,30,1.0576562804636194,0.6255770744441795
R125,1563901200,434,172,-262,606,30,-0.7464152179037526,0.7826940129563899
R125,1563915600,814,129,-685,943,30,-2.3101903076771104,1.9860669283794552
R125,1563930000,142,38,-104,180,30,-0.16231010162907075,-0.7384836190027375
R125,1563944400,16,6,-10,22,30,0.1851954738761198,-1.3026762618420382
R125,1563958800,65,386,321,451,30,1.4088587237933332,0.22921388865201253
R125,1563973200,174,395,221,569,30,1.0391719413410028,0.6505729510256675
R125,1563987600,457,201,-256,658,30,-0.7242340109566129,0.9683776675617293
R125,1564002000,807,136,-671,943,30,-2.258434158133784,1.9860669283794552
R125,1564016400,158,62,-96,220,30,-0.13273515903288433,-0.5956500385370918
R125,1564030800,16,8,-8,24,30,0.1925892095251664,-1.2955345828187559
R125,1564045200,66,395,329,461,30,1.4384336663895196,0.26492228376842397
R125,1564059600,160,363,203,523,30,0.9726283204995834,0.4863143334901749
R125,1564074000,457,221,-236,678,30,-0.6502966544661468,1.0397944577945522
R125,1564088400,850,141,-709,991,30,-2.3989151354656695,2.15746722493823
R125,1564102800,175,65,-110,240,30,-0.18449130857621057,-0.5242332483042689
R125,1564117200,16,23,7,39,30,0.24804222689301597,-1.2419719901441388
R125,1564131600,55,337,282,392,30,1.2646808786369244,0.018534357465185034
R125,1564146000,170,377,207,547,30,0.9874157917976766,0.5720144817695624
R125,1564160400,531,185,-346,716,30,-1.0569521151637102,1.1754863592369156
R125,1564174800,587,148,-439,735,30,-1.4007608228443775,1.2433323099580973
R125,1564189200,122,81,-41,203,30,0.07059257131589737,-0.6563543102349911
R125,1564203600,25,19,-6,44,30,0.199982945174213,-1.224117792585933
R125,1564218000,30,69,39,99,30,0.3663419972777617,-1.0277216194456702
R125,1564232400,112,209,97,321,30,0.5807603311001133,-0.2349952478613362
R125,1564246800,169,166,-3,335,30,0.2110735486477829,-0.18500349469836017
R125,1564261200,217,103,-114,320,30,-0.19927877987430379,-0.23856608737297733
R125,1564275600,118,54,-64,172,30,-0.014435388648138616,-0.7670503350958666
R125,1564290000,18,20,2,38,30,0.22955788777039943,-1.24554282965578
R125,1564304400,25,43,18,68,30,0.2887077729627723,-1.1384176443065457
R125,1564318800,76,141,65,217,30,0.46246056071536756,-0.6063625570720151
R125,1564333200,128,139,11,267,30,0.2628296981911092,-0.42782058148995794
R125,1564347600,334,71,-263,405,30,-0.750112085728276,0.0649552711165199
R125,1564362000,73,48,-25,121,30,0.12974245650827024,-0.949163150189565
R125,1564376400,11,9,-2,20,30,0.2147704164723062,-1.3098179408653206
R125,1564390800,62,383,321,445,30,1.4088587237933332,0.20778885158216567
R125,1564405200,165,380,215,545,30,1.016990734393863,0.56487280274628
R125,1564419600,415,191,-224,606,30,-0.6059342405718672,0.7826940129563899
R125,1564434000,755,134,-621,889,30,-2.073590766907619,1.7932415947508336
R125,1564448400,141,48,-93,189,31,-0.03032175216613324,-0.9361128842108475
R125,1564462800,12,14,2,26,31,0.27423152950251795,-1.492067583320129
R125,1564477200,75,342,267,417,31,1.1237748941571766,-0.1584584584628958
R125,1564491600,191,454,263,645,31,1.1109515980869176,0.6191959672850559
R125,1564506000,463,195,-268,658,31,-0.5913409552399643,0.66353591261279
R125,1564520400,801,132,-669,933,31,-1.876876386283429,1.6014962945456266
R125,1564534800,145,44,-101,189,31,-0.055968344306651235,-0.9361128842108475
R125,1564549200,13,11,-2,24,31,0.26140823343225894,-1.4988891133705495
R125,1564563600,90,385,295,475,31,1.2135379666489896,0.03936591299930244
R125,1564578000,153,388,235,541,31,1.0211885255951045,0.26447640466318323
R125,1564592400,452,186,-266,638,31,-0.5849293072048348,0.5953206121085838
R125,1564606800,832,127,-705,959,31,-1.99228605091576,1.6901761852010948
R125,1564621200,144,41,-103,185,31,-0.06237999234178074,-0.9497559443116887
R125,1564635600,14,12,-2,26,31,0.26140823343225894,-1.492067583320129
R125,1564650000,61,380,319,441,31,1.2904777430705436,-0.07660009785784826
R125,1564664400,164,375,211,539,31,0.9442487491735506,0.2576548746127626
R125,1564678800,475,189,-286,664,31,-0.6490457875561298,0.6840005027640519
R125,1564693200,808,140,-668,948,31,-1.8736705622658643,1.6526577699237812
R125,1564707600,154,63,-91,217,31,-0.02391010413100374,-0.8406114635049587
R125,1564722000,22,14,-8,36,31,0.24217328932687046,-1.4579599330680257
R125,1564736400,62,299,237,361,31,1.027600173630234,-0.3494612998746734
R125,1564750800,172,385,213,557,31,0.9506603972086801,0.31904864506654823
R125,1564765200,521,203,-318,724,31,-0.7516321561182018,0.8886464042766707
R125,1564779600,599,132,-467,731,31,-1.2292999347353495,0.912521759453143
R125,1565398800,8729,6754,-1975,15483,32,-3.768327923481536,4.114182445206589
R125,1565413200,31,18,-13,49,32,0.24803751927307166,-0.30737916032276663
R125,1565427600,19,60,41,79,32,0.3585796874222811,-0.2987847033987106
R125,1565442000,98,184,86,282,32,0.45069816087995557,-0.2406288782125982
R125,1565456400,178,203,25,381,32,0.3258264524151079,-0.21226717036321333
R125,1565470800,212,114,-98,326,32,0.07403595829746429,-0.2280236747239827
R125,1565485200,76,71,-5,147,32,0.26441413677665826,-0.2793039343708503
R125,1565499600,20,24,4,44,32,0.28283783146819313,-0.3088115698101093
R125,1565514000,21,30,9,51,32,0.29307321740793474,-0.3068061965278296
R125,1565528400,74,138,64,212,32,0.4056624627450925,-0.2606826110353956
R125,1565542800,115,142,27,257,32,0.32992060679100454,-0.24779092564931154
R125,1565557200,166,93,-73,259,32,0.12521288799617233,-0.24721796185437447
R125,1565571600,67,42,-25,109,32,0.2234725930176918,-0.2901902464746546
R125,1565586000,10,13,3,23,32,0.2807907542802448,-0.3148276896569485
R125,1565600400,62,341,279,403,32,0.8457840581539816,-0.20596456861890555
R125,1565614800,166,380,214,546,32,0.7127240409373408,-0.16499765728090518
R125,1565629200,451,170,-281,621,32,-0.30057916709707866,-0.1435115149707651
R125,1565643600,810,113,-697,923,32,-1.1521632772835806,-0.05699398193526779
R125,1565658000,50,11,-39,61,33,0.028101887978011986,-1.043520191422616
R125,1565672400,1,2,1,3,33,0.18340179522492028,-1.247436057482739
R125,1565686800,78,384,306,462,33,1.367563587982596,0.3663119170275444
R125,1565701200,170,372,202,542,33,0.9637838291406344,0.6475751805587484
R125,1565715600,414,167,-247,581,33,-0.7794576297059111,0.7846910215302104
R125,1565730000,766,108,-658,874,33,-2.375164176667894,1.814817724213245
R125,1565744400,39,14,-25,53,33,0.0824568555144299,-1.0716465177757364
R125,1565758800,1,2,1,3,33,0.18340179522492028,-1.247436057482739
R125,1565773200,69,367,298,436,33,1.3365036065332143,0.27490135637990304
R125,1565787600,143,369,226,512,33,1.0569637734887793,0.5421014567345469
R125,1565802000,433,186,-247,619,33,-0.7794576297059111,0.9182910717075323
R125,1565816400,824,116,-708,940,33,-2.5692890607265295,2.0468599166264885
R125,1565830800,37,11,-26,48,33,0.07857435783325718,-1.0892254717464367
R125,1565845200,1,2,1,3,33,0.18340179522492028,-1.247436057482739
R125,1565859600,61,316,255,377,33,1.169556206242788,0.06746969952564007
R125,1565874000,165,372,207,537,33,0.9831963175464979,0.6299962265880482
R125,1565888400,440,200,-240,640,33,-0.7522801459377022,0.9921226783844734
R125,1565902800,747,164,-583,911,33,-2.083976850579941,1.944901983596427
R125,1565917200,52,21,-31,73,33,0.05916186942739365,-1.0013307018929354
R125,1565931600,1,0,-1,1,33,0.17563679986257485,-1.254467639071019
R125,1565946000,93,407,314,500,33,1.3986235694319777,0.4999119672048663
R125,1565960400,166,432,266,598,33,1.2122636807356877,0.8444594650305913
R125,1565974800,474,200,-274,674,33,-0.8842850670975743,1.111659565385235
R125,1565989200,595,135,-460,730,33,-1.6064296357956978,1.308543849857078
R125,1566003600,136,53,-83,189,33,-0.14272800999358715,-0.5934989697726895
R125,1566018000,18,21,3,39,33,0.19116679058726568,-1.120867588893697
R125,1566032400,32,46,14,78,33,0.23387426508016548,-0.9837517479222351
R125,1566046800,107,172,65,279,33,0.43188164681997354,-0.2770777983000849
R125,1566061200,204,222,18,426,33,0.2494042558048563,0.23974344843850257
R125,1566075600,201,123,-78,324,33,-0.1233155215877236,-0.11886721256378262
R125,1566090000,96,61,-35,157,33,0.04363187870270282,-0.7060042751851711
R125,1566104400,9,26,17,35,33,0.2455217581236836,-1.1349307520702572
R125,1566118800,19,34,15,53,33,0.2377567627613382,-1.0716465177757364
R125,1566133200,82,143,61,225,33,0.41635165609528274,-0.46693050118364765
R125,1566147600,163,160,-3,323,33,0.16787180450022945,-0.12238300335792267
R125,1566162000,166,83,-83,249,33,-0.14272800999358715,-0.38255152212428645
R125,1566176400,63,40,-23,103,33,0.09022185087677531,-0.8958569780687339
R125,1566190800,7,6,-1,13,33,0.17563679986257485,-1.2122781495413384
R125,1566205200,55,332,277,387,33,1.2549711552285876,0.10262760746704058
R125,1566219600,158,358,200,516,33,0.956018833778289,0.5561646199111071
R125,1566234000,414,188,-226,602,33,-0.6979251784012843,0.8585226282071515
R125,1566248400,735,117,-618,852,33,-2.219864269420986,1.737470326742164
R125,1566262800,130,39,-91,169,34,-0.11915198540872746,-0.7425374938021023
R125,1566277200,13,22,9,35,34,0.2755154741469944,-1.2380320414803372
R125,1566291600,74,349,275,423,34,1.3253309165652145,0.1966835144835069
R125,1566306000,172,363,191,535,34,0.9938102505384082,0.6108282110503898
R125,1566320400,461,182,-279,643,34,-0.8611268093734846,1.0101820255970266
R125,1566334800,786,160,-626,946,34,-2.2306228940318396,2.130591338630647
R125,1566349200,149,36,-113,185,34,-0.20597882651098628,-0.6833739657211191
R125,1566363600,11,9,-2,20,34,0.232102053595865,-1.293497849056259
R125,1566378000,61,352,291,413,34,1.3884777100941301,0.15970630943289235
R125,1566392400,155,348,193,503,34,1.0017035997295227,0.4925011548884232
R125,1566406800,399,161,-238,560,34,-0.6993131509556387,0.7032712236769261
R125,1566421200,764,134,-630,898,34,-2.2464095924140683,1.9531007543876973
R125,1566435600,146,38,-108,184,34,-0.18624545353320018,-0.6870716862261805
R125,1566450000,12,18,6,30,34,0.26367545036032275,-1.2565206440056444
R125,1566464400,60,345,285,405,34,1.3647976625207867,0.13012454539240073
R125,1566478800,176,349,173,525,34,0.9227701078183782,0.5738510059997751
R125,1566493200,420,166,-254,586,34,-0.7624599444845542,0.7994119568085238
R125,1566507600,759,164,-595,923,34,-2.1082759815695655,2.0455437670142333
R125,1566522000,169,60,-109,229,34,-0.1901921281287574,-0.5206742634984152
R125,1566536400,13,15,2,28,34,0.24788875197809387,-1.2639160850157674
R125,1566550800,70,312,242,382,34,1.1950906549118263,0.045076973775987295
R125,1566565200,156,328,172,484,34,0.918823433222821,0.42224446529225557
R125,1566579600,503,168,-335,671,34,-1.082140586724689,1.1137181997387473
R125,1566594000,650,132,-518,782,34,-1.80438203771166,1.5241651758005688
R125,1566608400,123,52,-71,175,34,-0.04021849349758309,-0.7203511707717336
R125,1566622800,20,20,0,40,34,0.23999540278697945,-1.21954343895503
R125,1566637200,30,66,36,96,34,0.3820756882270393,-1.0124710906715884
R125,1566651600,98,219,121,317,34,0.7175430288494029,-0.1952748590530072
R125,1566666000,202,199,-3,401,34,0.2281553790003078,0.11533366337215492
R125,1566680400,220,115,-105,335,34,-0.17440542974652853,-0.12871588996190103
R125,1566694800,89,70,-19,159,34,0.1650085854713923,-0.7795146988527168
R125,1566709200,19,16,-3,35,34,0.2281553790003078,-1.2380320414803372
R125,1566723600,23,27,4,50,34,0.2557821011692083,-1.1825662339044154
R125,1566738000,89,140,51,229,34,0.4412758071603976,-0.5206742634984152
R125,1566752400,155,171,16,326,34,0.30314219631589495,-0.1619953745074541
R125,1566766800,165,96,-69,261,34,-0.03232514430646865,-0.4023472073364486
R125,1566781200,65,43,-22,108,34,0.15316856168472065,-0.968098444610851
R125,1566795600,8,12,4,20,34,0.2557821011692083,-1.293497849056259
R125,1566810000,59,349,290,408,34,1.384531035498573,0.1412177069075851
R125,1566824400,159,350,191,509,34,0.9938102505384082,0.5146874779187919
R125,1566838800,450,180,-270,630,34,-0.8256067380134697,0.9621116590312279
R125,1566853200,760,114,-646,874,34,-2.3095563859429835,1.8643554622662226
R125,1566867600,54,17,-37,71,35,0.03225855728528886,-0.6124785225405665
R125,1566882000,0,4,4,4,35,0.2168075129174066,-0.8420050323859725
R125,1566896400,71,372,301,443,35,1.5536621427403083,0.6619074724219866
R125,1566910800,174,317,143,491,35,0.8424734844506838,0.8263443749977999
R125,1566925200,468,154,-314,622,35,-1.2145721917414578,1.2751200882776237
R125,1566939600,759,118,-641,877,35,-2.6864626427585923,2.148691133211632
R125,1566954000,42,17,-25,59,35,0.08627288576298185,-0.6535877481845198
R125,1566968400,0,2,2,2,35,0.2078051248377911,-0.8488565699932981
R125,1566982800,57,342,285,399,35,1.4816430381033843,0.5111736450608244
R125,1566997200,145,340,195,485,35,1.0765355745206868,0.8057897621758232
R125,1567011600,437,162,-275,599,35,-1.0390256241889555,1.1963274057933797
R125,1567026000,767,119,-648,886,35,-2.717971001037246,2.1795230524445968
R125,1567040400,51,13,-38,64,35,0.02775736324548111,-0.6364589041662059
R125,1567054800,0,1,1,1,35,0.20330393079798334,-0.8522823387969608
R125,1567069200,61,341,280,402,35,1.4591370679043456,0.5214509514718128
R125,1567083600,165,355,190,520,35,1.054029604321648,0.9256916703040204
R125,1567098000,473,191,-282,664,35,-1.07053398246761,1.4190023780314602
R125,1567112400,762,117,-645,879,35,-2.7044674189178233,2.1555426708189573
R125,1567126800,51,18,-33,69,35,0.05026333344451986,-0.619330060147892
R125,1567141200,2,1,-1,3,35,0.19430154271836786,-0.8454308011896353
R125,1567155600,61,297,236,358,35,1.2610845301528046,0.37071712411065055
R125,1567170000,179,312,133,491,35,0.7974615440526063,0.8263443749977999
R125,1567184400,569,205,-364,774,35,-1.4396318937318453,1.795836946434366
R125,1567198800,428,121,-307,549,35,-1.1830638334628034,1.025038965610241
R125,1567213200,48,19,-29,67,35,0.06826810960375086,-0.6261815977552175
R125,1567227600,2,1,-1,3,35,0.19430154271836786,-0.8454308011896353
R125,1567242000,3,4,1,7,35,0.20330393079798334,-0.8317277259749842
R125,1567256400,1,1,0,2,35,0.1988027367581756,-0.8488565699932981
R125,1567270800,0,0,0,0,35,0.1988027367581756,-0.8557081076006237
R125,1567285200,2,4,2,6,35,0.2078051248377911,-0.835153494778647
R125,1567299600,2,2,0,4,35,0.1988027367581756,-0.8420050323859725
R125,1567314000,0,1,1,1,35,0.20330393079798334,-0.8522823387969608
R125,1567328400,0,1,1,1,35,0.20330393079798334,-0.8522823387969608
R125,1567342800,3,2,-1,5,35,0.19430154271836786,-0.8385792635823097
R125,1567357200,2,1,-1,3,35,0.19430154271836786,-0.8454308011896353
R125,1567371600,2,1,-1,3,35,0.19430154271836786,-0.8454308011896353
R125,1567386000,1,1,0,2,35,0.1988027367581756,-0.8488565699932981
R125,1567400400,1,1,0,2,35,0.1988027367581756,-0.8488565699932981
R125,1567414800,22,38,16,60,35,0.27082184139509957,-0.650161979380857
R125,1567429200,71,120,49,191,35,0.4193612447087553,-0.20138626610103322
R125,1567443600,132,104,-28,236,35,0.0727693036435586,-0.047226669936208256
R125,1567458000,105,81,-24,186,35,0.0907740798027896,-0.2185151101193471
R125,1567472400,53,29,-24,82,36,0.1604383171431833,-1.0615124123073647
R125,1567486800,8,11,3,19,36,0.2590491852409447,-1.2839885978887737
R125,1567501200,72,365,293,437,36,1.3182029536983824,0.1921232366037489
R125,1567515600,174,373,199,547,36,0.9748910425432129,0.5805737193649391
R125,1567530000,473,199,-274,672,36,-0.7526252763546077,1.021994722502655
R125,1567544400,756,108,-648,864,36,-2.118568412227303,1.700017383322187
R125,1567558800,120,38,-82,158,36,-0.05139243654830423,-0.7931284423996334
R125,1567573200,11,14,3,25,36,0.2590491852409447,-1.2628003897381634
R125,1567587600,71,354,283,425,36,1.2816804099584707,0.14974682030252814
R125,1567602000,163,342,179,505,36,0.9018459550633897,0.43225626231066644
R125,1567616400,471,169,-302,640,36,-0.8548883988263603,0.9089909456993999
R125,1567630800,807,109,-698,916,36,-2.3011811309268615,1.883648520627477
R125,1567645200,135,52,-83,187,36,-0.05504469092229539,-0.6907187696716833
R125,1567659600,8,13,5,21,36,0.26635369398892705,-1.2769258618385702
R125,1567674000,80,392,312,472,36,1.3875957868042146,0.3157211174823094
R125,1567688400,176,370,194,546,36,0.9566297706732572,0.5770423513398373
R125,1567702800,508,192,-316,700,36,-0.9060199600622366,1.1208730272055036
R125,1567717200,777,116,-661,893,36,-2.166047719089188,1.8024270560501372
R125,1567731600,143,62,-81,205,36,-0.04774018217431307,-0.6271541452198521
R125,1567746000,19,16,-3,35,36,0.23713565899699773,-1.227486709487146
R125,1567760400,87,337,250,424,36,1.1611560156167624,0.1462154522774264
R125,1567774800,160,357,197,517,36,0.9675865337952306,0.4746326786118872
R125,1567789200,571,177,-394,748,36,-1.1908958012335473,1.2903786924103866
R125,1567803600,710,120,-590,830,36,-1.9067376585358156,1.5799508704687282
R125,1567818000,141,89,-52,230,36,0.058175194671430695,-0.538869944592309
R125,1567832400,23,14,-9,37,36,0.21522213275305074,-1.2204239734369426
R125,1567846800,24,57,33,81,36,0.3686168164606797,-1.0650437803324666
R125,1567861200,105,164,59,269,36,0.4635754301844499,-0.40114659161334154
R125,1567875600,221,203,-18,424,36,0.18235184338713029,0.1462154522774264
R125,1567890000,217,122,-95,339,36,-0.09887174341018937,-0.15395082985622052
R125,1567904400,98,89,-9,187,36,0.21522213275305074,-0.6907187696716833
R125,1567918800,14,22,8,36,36,0.2773104571109005,-1.2239553414620443
R125,1567933200,23,24,1,47,36,0.2517446764929624,-1.1851102931859252
R125,1567947600,87,140,53,227,36,0.4416619039405029,-0.5494640486676141
R125,1567962000,158,164,6,322,36,0.2700059483629182,-0.2139840862829499
R125,1567976400,183,98,-85,281,36,-0.06234919967027772,-0.3587701753121208
R125,1567990800,52,46,-6,98,36,0.22617889587502424,-1.0050105239057372
R125,1568005200,9,12,3,21,36,0.2590491852409447,-1.2769258618385702
R125,1568019600,85,362,277,447,36,1.2597668837145237,0.22743691685476616
R125,1568034000,164,384,220,548,36,1.0515883843970275,0.5841050873900407
R125,1568048400,494,195,-299,689,36,-0.8439316357043868,1.0820279789293845
R125,1568062800,810,108,-702,918,36,-2.315790148422826,1.8907112566776805
R125,1568077200,143,43,-100,186,37,0.09816743612593254,-0.7605296867134178
R125,1568091600,16,6,-10,22,37,0.35372729050336016,-1.2161331379294573
R125,1568106000,86,375,289,461,37,1.202753917823925,0.0034395150207947303
R125,1568120400,177,428,251,605,37,1.0948508681979001,0.4034815697470733
R125,1568134800,531,159,-372,690,37,-0.6741912348814042,0.6396175048285572
R125,1568149200,820,122,-698,942,37,-1.5998858185151976,1.3396911005995447
R125,1568163600,146,68,-78,214,37,0.16063762275152596,-0.6827437316277525
R125,1568178000,16,17,1,33,37,0.3849623838161569,-1.1855743698600887
R125,1568192400,83,398,315,481,37,1.2765823201996265,0.05900091151055564
R125,1568206800,174,406,232,580,37,1.0408993433848877,0.33402982413487214
R125,1568221200,504,171,-333,675,37,-0.5634486313178523,0.5979464574612364
R125,1568235600,833,111,-722,944,37,-1.668035113015845,1.3452472402485207
R125,1568250000,171,60,-111,231,37,0.06693234281313584,-0.6355165446114557
R125,1568264400,16,9,-7,25,37,0.3622459523159411,-1.2077989284559931
R125,1568278800,85,391,306,476,37,1.2510263347618837,0.045110562388115415
R125,1568293200,162,345,183,507,37,0.9017612004460659,0.13123072694724483
R125,1568307600,509,189,-320,698,37,-0.5265344301300016,0.6618420634244615
R125,1568322000,1140,126,-1014,1266,37,-2.497184862773721,2.239785723733671
R125,1568336400,196,54,-142,250,37,-0.02109382925020034,-0.5827332179461828
R125,1568350800,24,13,-11,37,37,0.35088773656583316,-1.1744620905621366
R125,1568365200,136,369,233,505,37,1.0437388973224146,0.12567458729826872
R125,1568379600,313,364,51,677,37,0.5269400806925055,0.6035025971102126
R125,1568394000,917,183,-734,1100,37,-1.7021097602661688,1.7786261328686557
R125,1568408400,945,145,-800,1090,37,-1.889520320142949,1.7508454346237752
R125,1568422800,143,77,-66,220,37,0.19471227000184965,-0.6660753126808242
R125,1568437200,21,19,-2,40,37,0.37644372200357595,-1.1661278810886724
R125,1568451600,36,64,28,100,37,0.46163034012938514,-0.9994436916193897
R125,1568466000,125,149,24,274,37,0.45027212437927727,-0.5160595421584697
R125,1568480400,276,146,-130,422,37,0.012980818000123342,-0.10490520813423904
R125,1568494800,282,151,-131,433,37,0.010141264062596368,-0.07434644006487054
R125,1568509200,142,92,-50,234,37,0.2401451330022812,-0.6271823351379916
R125,1568523600,26,30,4,56,37,0.39348104562873776,-1.1216787638968637
R125,1568538000,39,44,5,83,37,0.39632059956626475,-1.0466708786356864
R125,1568552400,131,129,-2,260,37,0.37644372200357595,-0.5549525197013024
R125,1568566800,248,144,-104,392,37,0.08680922037582466,-0.18824730286888042
R125,1568581200,268,107,-161,375,37,-0.07504535406321283,-0.2354744898851772
R125,1568595600,93,54,-39,147,37,0.2713802263150779,-0.8688744098684515
R125,1568610000,26,7,-19,33,37,0.32817130506561737,-1.1855743698600887
R125,1568624400,150,366,216,516,37,0.9954664803844561,0.15623335536763724
R125,1568638800,261,392,131,653,37,0.7541043956946634,0.5368289213224995
R125,1568653200,773,180,-593,953,37,-1.3017326550748654,1.370249868668913
R125,1568667600,1298,126,-1172,1424,37,-2.945834384902983,2.6787207560027824
R125,1568682000,228,61,-167,289,38,-0.2531120706686886,-0.4258806147199199
R125,1568696400,21,13,-8,34,38,0.2692248909893777,-1.2311739381045144
R125,1568710800,116,413,297,529,38,1.271192018698247,0.3320425131714631
R125,1568725200,169,374,205,543,38,0.9689593113237684,0.37625469563179376
R125,1568739600,540,178,-362,718,38,-0.8937140047776378,0.9289069763859271
R125,1568754000,917,114,-803,1031,38,-2.3424599173009537,1.9173650556776056
R125,1568768400,168,66,-102,234,38,-0.03957809263237221,-0.5995713315283618
R125,1568782800,27,28,1,55,38,0.2987911341020984,-1.1648556644140182
R125,1568797200,82,359,277,441,38,1.2054892562255344,0.054137366277956005
R125,1568811600,189,365,176,554,38,0.873690305738335,0.41099283899348216
R125,1568826000,539,153,-386,692,38,-0.9725573197448931,0.8467986375310274
R125,1568840400,874,118,-756,992,38,-2.188058425490079,1.7942025473952559
R125,1568854800,180,79,-101,259,38,-0.036292954508736576,-0.5206210057063427
R125,1568869200,14,9,-5,23,38,0.2790803053602846,-1.2659120814662026
R125,1568883600,91,303,212,394,38,0.9919552781892179,-0.09428924626743983
R125,1568898000,176,425,249,601,38,1.1135053887637365,0.559419451538878
R125,1568912400,550,206,-344,756,38,-0.8345815185521964,1.0489114716353962
R125,1568926800,850,135,-715,985,38,-2.0533677624210176,1.7720964561650905
R125,1568941200,157,61,-96,218,38,-0.01986726389055839,-0.650099540054454
R125,1568955600,16,12,-4,28,38,0.28236544348392023,-1.2501220163017988
R125,1568970000,79,372,293,451,38,1.2580514662037046,0.08571749660676363
R125,1568984400,204,373,169,577,38,0.8506943388728855,0.48362713874973967
R125,1568998800,703,264,-439,967,38,-1.146669640297582,1.7152522215732369
R125,1569013200,850,152,-698,1002,38,-1.997520414319212,1.8257826777240636
R125,1569027600,145,88,-57,233,38,0.10825312293123146,-0.6027293445612426
R125,1569042000,21,21,0,42,38,0.2955059959784628,-1.2059098338414682
R125,1569056400,34,70,36,104,38,0.41377096842934574,-1.010113025802861
R125,1569070800,98,163,65,261,38,0.5090399740147793,-0.5143049796405812
R125,1569085200,197,212,15,409,38,0.34478306783299734,-0.046919050774228394
R125,1569099600,247,130,-117,377,38,-0.08885516448690677,-0.1479754678264128
R125,1569114000,85,87,2,172,38,0.3020762722257341,-0.7953681395669691
R125,1569128400,14,30,16,44,38,0.34806820595663296,-1.1995938077757067
R125,1569142800,19,34,15,53,38,0.34478306783299734,-1.1711716904797798
R125,1569157200,85,144,59,229,38,0.48932914527296545,-0.6153613966927656
R125,1569171600,162,138,-24,300,38,0.2166626810112075,-0.3911424713582315
R125,1569186000,196,82,-114,278,38,-0.07899975011599986,-0.46061875808160824
R125,1569200400,62,48,-14,110,38,0.24951406224756387,-0.9911649476055763
R125,1569214800,12,8,-4,20,38,0.28236544348392023,-1.275386120564845
R125,1569229200,79,399,320,478,38,1.3467501955418668,0.1709838484945442
R125,1569243600,154,402,248,556,38,1.1102202506401009,0.4173088650592437
R125,1569258000,545,187,-358,732,38,-0.8805734522830952,0.9731191588462579
R125,1569272400,895,136,-759,1031,38,-2.197913839860986,1.9173650556776056
R125,1569286800,146,33,-113,179,39,-0.1639896880830865,-0.7451571685667632
R125,1569301200,11,13,2,24,39,0.2535486321284621,-1.2886835738742846
R125,1569315600,80,386,306,466,39,1.357302104687686,0.2612433367445829
R125,1569330000,198,393,195,591,39,0.9542868564834958,0.699571082960326
R125,1569344400,486,174,-312,660,39,-0.8865125204491576,0.9415279988714161
R125,1569358800,810,118,-692,928,39,-2.2662043611481875,1.8813026867579692
R125,1569373200,146,58,-88,204,39,-0.07322048803709767,-0.6574916193236147
R125,1569387600,16,15,-1,31,39,0.24265632812294344,-1.264137220086203
R125,1569402000,84,428,344,512,39,1.4952712887575892,0.4225479473519763
R125,1569416400,194,424,230,618,39,1.08136373654788,0.7942498761429264
R125,1569430800,506,184,-322,690,39,-0.9228202004675531,1.0467266579631944
R125,1569445200,797,135,-662,932,39,-2.157281321093001,1.895329174636873
R125,1569459600,158,45,-113,203,39,-0.1639896880830865,-0.6609982412933405
R125,1569474000,16,15,-1,31,39,0.24265632812294344,-1.264137220086203
R125,1569488400,80,425,345,505,39,1.4989020567594287,0.3980015935638947
R125,1569502800,178,392,214,570,39,1.0232714485184473,0.6259320215960811
R125,1569517200,514,184,-330,698,39,-0.9518663444822696,1.074779633721002
R125,1569531600,799,133,-666,932,39,-2.171804393100359,1.895329174636873
R125,1569546000,162,56,-106,218,39,-0.13857431207020962,-0.6083989117474514
R125,1569560400,18,18,0,36,39,0.246287096124783,-1.2466041102375733
R125,1569574800,81,356,275,437,39,1.24474829663066,0.15955129962253048
R125,1569589200,203,393,190,596,39,0.936133016474298,0.7171041928089557
R125,1569603600,552,178,-374,730,39,-1.11162013656321,1.1869915367522323
R125,1569618000,693,140,-553,833,39,-1.7615276088924898,1.5481735996340045
R125,1569632400,150,76,-74,226,39,-0.022389736011343926,-0.5803459359896438
R125,1569646800,15,16,1,31,39,0.24991786412662254,-1.264137220086203
R125,1569661200,33,69,36,102,39,0.3769947441910069,-1.015167060235661
R125,1569675600,81,204,123,285,39,0.6928715603510479,-0.3734552397758131
R125,1569690000,224,130,-94,354,39,-0.095005096048135,-0.13149832386472293
R125,1569704400,211,114,-97,325,39,-0.10589740005365364,-0.2331903609867753
R125,1569718800,82,62,-20,144,39,0.17367173608799194,-0.8678889375071713
R125,1569733200,10,27,17,37,39,0.3080101521560554,-1.2430974882678474
R125,1569747600,30,49,19,79,39,0.3152716881597345,-1.0958193655393578
R125,1569762000,78,141,63,219,39,0.47502548024067476,-0.6048922897777255
R125,1569776400,146,110,-36,256,39,0.11557944805855909,-0.4751472768978655
R125,1569790800,155,81,-74,236,39,-0.022389736011343926,-0.5452797162923844
R125,1569805200,67,44,-23,111,39,0.16277943208247328,-0.9836074625081275
R125,1569819600,10,11,1,21,39,0.24991786412662254,-1.2992034397834624
R125,1569834000,53,346,293,399,39,1.310102120663772,0.026299664772944584
R125,1569848400,188,338,150,526,39,0.7909022964007159,0.47164065492813956
R125,1569862800,439,177,-262,616,39,-0.70497412035718,0.7872366322034746
R125,1569877200,746,106,-640,852,39,-2.0774044250525305,1.6147994170587976
R125,1569891600,150,43,-107,193,40,-0.11920967529631905,-0.6732420459743186
R125,1569906000,13,10,-3,23,40,0.25432537613432776,-1.2684560390719701
R125,1569920400,67,335,268,402,40,1.2276715197661092,0.05852103965750023
R125,1569934800,159,374,215,533,40,1.0373123108639528,0.5171859402209847
R125,1569949200,404,163,-241,567,40,-0.6004952223319602,0.636228738840515
R125,1569963600,765,108,-657,873,40,-2.094635428054547,1.707613926416288
R125,1569978000,146,45,-101,191,40,-0.0976595761753202,-0.6802445635401733
R125,1569992400,8,10,2,18,40,0.27228379206849346,-1.285962332986607
R125,1570006800,76,273,197,349,40,0.9726620135009562,-0.12704567583764997
R125,1570021200,177,448,271,625,40,1.2384465693266087,0.8393017482503021
R125,1570035600,487,174,-313,661,40,-0.8590964117839465,0.9653470644356872
R125,1570050000,832,105,-727,937,40,-2.3460532511328673,1.9316944885236393
R125,1570064400,159,55,-104,214,40,-0.10843462573581963,-0.5997156115328439
R125,1570078800,12,10,-2,22,40,0.2579170593211609,-1.2719572978548976
R125,1570093200,80,385,305,465,40,1.3605637976789355,0.2791003429819241
R125,1570107600,175,395,220,570,40,1.0552707267981185,0.6467325151892972
R125,1570122000,514,187,-327,701,40,-0.9093799763996104,1.1053974157527817
R125,1570136400,801,130,-671,931,40,-2.1449189926702115,1.9106869358260752
R125,1570150800,166,54,-112,220,40,-0.13716809123048476,-0.5787080588352798
R125,1570165200,14,9,-5,23,40,0.24714200976066147,-1.2684560390719701
R125,1570179600,78,366,288,444,40,1.2995051835027722,0.20557390854044946
R125,1570194000,175,375,200,550,40,0.9834370630614556,0.5767073395307499
R125,1570208400,559,190,-369,749,40,-1.0602306702466024,1.273457837333295
R125,1570222800,725,146,-579,871,40,-1.8144841394815623,1.7006114088504334
R125,1570237200,135,65,-70,200,40,0.013682602616507212,-0.648733234493827
R125,1570251600,20,24,4,44,40,0.27946715844215975,-1.1949296046304956
R125,1570266000,25,67,42,92,40,0.4159511195418192,-1.026869183049982
R125,1570280400,89,194,105,283,40,0.6422271603123071,-0.35812875551085593
R125,1570294800,221,196,-25,417,40,0.1753083460239986,0.11103992140141067
R125,1570309200,224,123,-101,347,40,-0.0976595761753202,-0.1340481934035047
R125,1570323600,104,61,-43,165,40,0.11065804866100205,-0.7712772918962847
R125,1570338000,19,15,-4,34,40,0.2507336929474946,-1.229942192459769
R125,1570352400,22,31,9,53,40,0.2974255743763255,-1.1634182755841493
R125,1570366800,102,117,15,219,40,0.3189756734973243,-0.5822093176182072
R125,1570381200,201,129,-72,330,40,0.006499236242840927,-0.19356959271326987
R125,1570395600,122,92,-30,214,40,0.15734993008983292,-0.5997156115328439
R125,1570410000,63,29,-34,92,40,0.14298319734250034,-1.026869183049982
R125,1570424400,9,15,6,24,40,0.28665052481582604,-1.2649547802890428
R125,1570438800,61,375,314,436,40,1.392888946360434,0.17756383827703057
R125,1570453200,170,347,177,517,40,0.9008283497642934,0.46116579969414695
R125,1570467600,481,173,-308,654,40,-0.8411379958497808,0.9408382529551956
R125,1570482000,831,98,-733,929,40,-2.3676033502538663,1.9036844182602206
R125,1570496400,140,38,-102,178,41,-0.15260048911812504,-0.6853313791002924
R125,1570510800,17,12,-5,29,41,0.23152542525224284,-1.2441856677467953
R125,1570523178,52,225,173,277,41,0.9364162784267324,-0.31401208664389113
R125,1570525200,86,191,105,277,41,0.6671321322701859,-0.31401208664389113
R125,1570539600,159,396,237,555,41,1.1898601806917173,0.7286824921730739
R125,1570554000,540,187,-353,727,41,-1.1465757933136131,1.3738028790670236
R125,1570568400,858,120,-738,978,41,-2.6711992678764136,2.3152285599413336
R125,1570582800,156,73,-83,229,41,-0.07735933063320763,-0.4940456829863887
R125,1570597200,19,14,-5,33,41,0.23152542525224284,-1.229182868051587
R125,1570611600,52,358,306,410,41,1.4631043878211543,0.1848310032217792
R125,1570626000,153,316,163,469,41,0.8968156686978285,0.4061222987260991
R125,1570640400,420,144,-276,564,41,-0.841651098401053,0.7624387914872922
R125,1570654800,791,125,-666,916,41,-2.3860748778283054,2.0826851646656075
R125,1570669200,153,65,-88,218,41,-0.09715963549765957,-0.535303382148211
R125,1570683600,17,8,-9,25,41,0.21568518136068127,-1.2591884674420033
R125,1570698000,78,374,296,452,41,1.4235037780922504,0.34236040002146456
R125,1570712400,188,406,218,594,41,1.1146190222068,0.8749597892013532
R125,1570726800,477,173,-304,650,41,-0.952532805641984,1.084998984934267
R125,1570741200,822,111,-711,933,41,-2.564277621608373,2.146447063370242
R125,1570755600,139,56,-83,195,41,-0.07735933063320763,-0.6215694803956578
R125,1570770000,19,16,-3,35,41,0.2394455471980236,-1.221681468203983
R125,1570784400,76,325,249,401,41,1.2373809123664021,0.15107470390756092
R125,1570798800,204,371,167,575,41,0.91265591258939,0.8036964906491146
R125,1570813200,542,200,-342,742,41,-1.1030151226118188,1.4300633779240541
R125,1570827600,650,136,-514,786,41,-1.7841456099489659,1.5950941745713434
R125,1570842000,145,96,-49,241,41,0.057282742445065656,-0.4490372839007643
R125,1570856400,29,28,-1,57,41,0.2473656691438044,-1.1391660698803383
R125,1570870800,25,55,30,80,41,0.3701275593034065,-1.0528999716328915
R125,1570885200,108,164,56,272,41,0.47308914459855667,-0.3327655862629013
R125,1570899600,168,134,-34,302,41,0.11668365703842151,-0.22024458854884033
R125,1570914000,192,120,-72,312,41,-0.03379865993141333,-0.18273758931082
R125,1570928400,93,64,-29,157,41,0.13648396190287346,-0.7640960775001351
R125,1570942800,20,28,8,48,41,0.28300621789981795,-1.1729223691945565
R125,1570957200,21,46,25,67,41,0.35032725443895457,-1.101659070642318
R125,1570971600,116,133,17,249,41,0.31864676665583147,-0.41903168451034806
R125,1570986000,135,130,-5,265,41,0.23152542525224284,-0.3590204857295155
R125,1571000400,146,98,-48,244,41,0.06124280341795604,-0.4377851841293582
R125,1571014800,63,48,-15,111,41,0.19192481552333893,-0.9366282739950286
R125,1571029200,11,11,0,22,41,0.2513257301166948,-1.2704405672134094
R125,1571043600,57,242,185,299,41,0.9839370101014171,-0.23149668832024642
R125,1571058000,135,267,132,402,41,0.7740537785382263,0.15482540383136295
R125,1571072400,304,176,-128,480,41,-0.25556207441327516,0.4473799978879215
R125,1571086800,544,111,-433,655,41,-1.4633806711448443,1.1037524845532771
R125,1571101200,109,38,-71,147,42,0.024835979731439386,-0.8259919020039231
R125,1571115600,14,5,-9,19,42,0.24628321038032713,-1.2532317693687942
R125,1571130000,104,417,313,521,42,1.3963801179439055,0.42234958545280943
R125,1571144400,195,396,201,591,42,0.9963464109652695,0.6559963879179733
R125,1571158800,514,200,-314,714,42,-0.8430942952311368,1.066547197963904
R125,1571173200,841,130,-711,971,42,-2.2610709172893375,1.924364744157434
R125,1571187600,166,48,-118,214,42,-0.1430353080185239,-0.6023585339301234
R125,1571202000,21,12,-9,33,42,0.24628321038032713,-1.2065024088757614
R125,1571216400,85,400,315,485,42,1.4035235769970955,0.30218837275643945
R125,1571230800,165,373,208,538,42,1.0213485176514343,0.47909238033720636
R125,1571245200,517,196,-321,713,42,-0.8680964019173015,1.063209386500116
R125,1571259600,875,122,-753,997,42,-2.4110835574063256,2.0111478422159235
R125,1571274000,147,57,-90,204,42,-0.04302688127386493,-0.6357366485680039
R125,1571288400,13,19,6,32,42,0.2998591532792516,-1.2098402203395495
R125,1571302800,77,390,313,467,42,1.3963801179439055,0.24210776640825446
R125,1571317200,203,365,162,568,42,0.857048959428066,0.579226724250848
R125,1571331600,523,184,-339,707,42,-0.9323875333960109,1.0431825177173877
R125,1571346000,822,156,-666,978,42,-2.100343088592564,1.9477294244039505
R125,1571360400,197,57,-140,254,42,-0.22161335760361311,-0.46884607537860123
R125,1571374800,22,16,-6,38,42,0.256998398960112,-1.189813351556821
R125,1571388303,68,288,220,356,42,1.0642092719705738,-0.12838930607221963
R125,1571389200,81,48,-33,129,42,0.160561701742048,-0.8860725083521082
R125,1571403600,185,415,230,600,42,1.0999265672365235,0.6860366910920658
R125,1571418000,540,198,-342,738,42,-0.9431027219757957,1.1466546730948173
R125,1571432400,685,132,-553,817,42,-1.6967376520873332,1.4103417787340737
R125,1571446800,165,80,-85,245,42,-0.025168233640890107,-0.49888637855269374
R125,1571461200,26,32,6,58,42,0.2998591532792516,-1.12305712228106
R125,1571475600,25,47,22,72,42,0.357006825704771,-1.0763277617880271
R125,1571490000,108,173,65,281,42,0.5105911953483545,-0.37872516585632376
R125,1571504400,202,188,-14,390,42,0.22842456274735232,-0.014903716303425761
R125,1571518800,227,100,-127,327,42,-0.17518087375787858,-0.22518583852207322
R125,1571533200,116,55,-61,171,42,0.06055327499738902,-0.7458844268730098
R125,1571547600,21,25,4,46,42,0.29271569422606164,-1.1631108598465167
R125,1571562000,18,26,8,44,42,0.3070026123324415,-1.1697864827740927
R125,1571576400,98,143,45,241,42,0.4391566048164552,-0.5122376244078459
R125,1571590800,137,102,-35,239,42,0.1534182426888581,-0.5189132473354221
R125,1571605200,134,96,-38,230,42,0.1427030541090732,-0.5489535505095146
R125,1571619600,57,41,-16,98,42,0.2212811036941624,-0.9895446637295378
R125,1571634000,11,10,-1,21,42,0.27485704659308685,-1.246556146441218
R125,1571648400,73,331,258,404,42,1.1999349939811825,0.03182564418960701
R125,1571662800,189,413,224,602,42,1.0784961900769536,0.6927123140196418
R125,1571677200,535,163,-372,698,42,-1.0502546077736445,1.0131422145432951
R125,1571691600,846,118,-728,964,42,-2.3217903192414515,1.9010000639109177
R125,1571706000,151,54,-97,205,43,-0.07010603078330191,-0.6555161332197114
R125,1571720400,21,9,-12,30,43,0.22998812976392563,-1.2392383986867428
R125,1571734800,77,356,279,433,43,1.2573693146961986,0.10499058978876406
R125,1571749200,163,367,204,530,43,0.9925803495074684,0.42853950264763296
R125,1571763600,497,189,-308,686,43,-0.8150456528475962,0.9488862078639583
R125,1571778000,831,116,-715,947,43,-2.251967103938439,1.8194662723605024
R125,1571792400,135,51,-84,186,43,-0.024209276817255345,-0.7188916934704176
R125,1571806800,16,11,-5,27,43,0.2547017665148738,-1.2492450660947492
R125,1571821200,86,421,335,507,43,1.4550784087037838,0.35182171918625166
R125,1571835600,189,396,207,585,43,1.0031719081150177,0.6119950717944143
R125,1571850000,488,192,-296,680,43,-0.7726794184173994,0.9288728730479457
R125,1571864400,871,126,-745,997,43,-2.357882690013931,1.98624406249394
R125,1571878800,168,62,-106,230,43,-0.10188070660594953,-0.5721272381529925
R125,1571893200,13,11,-2,24,43,0.265293325122423,-1.2592517335027553
R125,1571907600,85,370,285,455,43,1.278552431911297,0.1783728174474766
R125,1571922000,173,408,235,581,43,1.1020264551188104,0.5986528485837393
R125,1571936400,522,197,-325,719,43,-0.8750644849570417,1.058959549352027
R125,1571950800,875,142,-733,1017,43,-2.315516455583734,2.052955178547315
R125,1571965200,168,56,-112,224,43,-0.12306382382104795,-0.592140572969005
R125,1571979600,26,16,-10,42,43,0.2370491688356251,-1.1992117290547177
R125,1571994000,78,351,273,429,43,1.2361861974811001,0.09164836657808906
R125,1572008400,201,381,180,582,43,0.9078478806470748,0.6019884043864081
R125,1572022800,566,246,-320,812,43,-0.857411887277793,1.3691662390002208
R125,1572037200,686,138,-548,824,43,-1.662370341451533,1.4091929086322459
R125,1572051600,155,73,-82,228,43,-0.017148237745555874,-0.57879834975833
R125,1572066000,30,26,-4,56,43,0.2582322860507235,-1.1525139478173554
R125,1572080400,31,80,49,111,43,0.4453498214507595,-0.969058378670574
R125,1572094800,117,160,43,277,43,0.4241667042356611,-0.4153561154275612
R125,1572109200,213,196,-17,409,43,0.21233553208467695,0.02493725052471402
R125,1572123600,196,117,-79,313,43,-0.006556679138006667,-0.2952761065314861
R125,1572138000,126,69,-57,195,43,0.07111475065068752,-0.6888716912463988
R125,1572152400,22,30,8,52,43,0.30059852048092034,-1.1658561710280304
R125,1572166800,26,41,15,67,43,0.3253121572318685,-1.115822833987999
R125,1572181200,93,92,-1,185,43,0.26882384465827275,-0.7222272492730863
R125,1572195600,129,107,-22,236,43,0.19468293440542828,-0.55211390333698
R125,1572210000,134,68,-66,202,43,0.039340074828039896,-0.6655228006277176
R125,1572224400,63,50,-13,113,43,0.2264576102280759,-0.9623872670652365
R125,1572238800,9,8,-1,17,43,0.26882384465827275,-1.2826006241214367
R125,1572253200,77,325,248,402,43,1.1479232090848568,0.001588359906032757
R125,1572267600,202,425,223,627,43,1.0596602206886134,0.7520884155065019
R125,1572282000,507,153,-354,660,43,-0.9774495514966841,0.8621617569945706
R125,1572296400,836,126,-710,962,43,-2.23431450625919,1.8694996094005336
R125,1572310800,46,25,-21,71,44,0.22871548960223925,-0.99324764420288
R125,1572325200,0,4,4,4,44,0.313156862345682,-1.1938360517518183
R125,1572339600,87,421,334,508,44,1.4277829825591266,0.315067790108851
R125,1572354000,226,390,164,616,44,0.8535816479037158,0.638404327650423
R125,1572368400,529,197,-332,726,44,-0.8217351873261888,0.9677285788501723
R125,1572382800,876,129,-747,1005,44,-2.2234619748673388,1.8030146341658997
R125,1572397200,69,23,-46,92,44,0.1442741168587965,-0.9303766507920188
R125,1572411600,0,1,1,1,44,0.30302389761646886,-1.202817622239084
R125,1572426000,178,393,215,571,44,1.025842048300339,0.5036807703414347
R125,1572440400,320,376,56,696,44,0.488794917652043,0.8779128739775134
R125,1572454800,758,192,-566,950,44,-1.612106436204813,1.638352508566025
R125,1572469200,822,153,-669,975,44,-1.9600048919077975,1.7131989292932408
R125,1572483600,49,27,-22,76,44,0.22533783469250154,-0.978278360057437
R125,1572498000,2,7,5,9,44,0.3165345172554197,-1.178866767606375
R125,1572512400,90,307,217,397,44,1.0325973581198145,-0.017250317919986855
R125,1572526800,163,391,228,554,44,1.0697515621269293,0.452785204246928
R125,1572541200,518,138,-380,656,44,-0.9838626229935988,0.7581586008139681
R125,1572555600,789,119,-670,908,44,-1.9633825468175352,1.5126105217443029
R125,1572570000,46,40,-6,86,44,0.2793803132483049,-0.9483397917665506
R125,1572584400,0,1,1,1,44,0.30302389761646886,-1.202817622239084
R125,1572598800,77,354,277,431,44,1.2352566527040771,0.08454081426902654
R125,1572613200,192,357,165,549,44,0.8569593028134534,0.43781592010148485
R125,1572627600,595,162,-433,757,44,-1.1628783332096975,1.0605381405519196
R125,1572642000,701,124,-577,825,44,-1.6492606402119279,1.2641204049299466
R125,1572656400,121,71,-50,192,44,0.13076349721984565,-0.6309909678831559
R125,1572670800,24,20,-4,44,44,0.28613562306778034,-1.074081778588273
R125,1572685200,30,48,18,78,44,0.36044403108200995,-0.9722906463992597
R125,1572699600,122,163,41,285,44,0.43813009400597736,-0.35256228277791335
R125,1572714000,270,205,-65,475,44,0.08009867357377998,0.21627051474892625
R125,1572728400,208,133,-75,341,44,0.04632212447640287,-0.18490630034895011
R125,1572742800,97,69,-28,166,44,0.20507190523407529,-0.7088312454394603
R125,1572753600,21,35,14,56,44,0.3469334114430591,-1.0381554966392095
R125,1572768000,27,68,41,95,44,0.43813009400597736,-0.9213950803047529
R125,1572782400,93,107,14,200,44,0.3469334114430591,-0.6070401132504468
R125,1572796800,152,141,-11,293,44,0.26249203869961635,-0.32861142814520433
R125,1572811200,189,102,-87,291,44,0.00579026555955034,-0.3345991418033816
R125,1572825600,84,49,-35,133,44,0.1814283208659113,-0.8076285207993851
R125,1572840000,20,12,-8,32,44,0.2726250034288295,-1.1100080605373366
R125,1572854400,56,147,91,203,44,0.6070128394928629,-0.5980585427631809
R125,1572868800,186,566,380,752,44,1.5831551084070612,1.0455688564064767
R125,1572883200,429,178,-251,607,44,-0.5481451396374342,0.6114596161886253
R125,1572897600,1059,150,-909,1209,44,-2.770642070244848,2.41376142729998
R125,1572912000,173,46,-127,219,45,-0.022173881312634907,-0.5119146412347326
R125,1572926400,51,14,-37,65,45,0.22434750504548237,-0.900354798379999
R125,1572940800,57,154,97,211,45,0.5913904580675682,-0.5320933506968244
R125,1572955200,225,504,279,729,45,1.0899114838139832,0.774478086973617
R125,1572969600,527,145,-382,672,45,-0.7206511426606338,0.6307047820562132
R125,1572984000,1419,126,-1293,1545,45,-3.2159953979077986,2.8327064521069762
R125,1572998400,258,71,-187,329,45,-0.18652147221804644,-0.23445738613097092
R125,1573012800,48,12,-36,60,45,0.22708663156057257,-0.9129664917938063
R125,1573027200,81,151,70,232,45,0.5174340421601329,-0.4791242383588335
R125,1573041600,282,577,295,859,45,1.1337375080554262,1.1023821157326081
R125,1573056000,631,179,-452,810,45,-0.9123899987169473,0.978787520277296
R125,1573070400,1580,177,-1403,1757,45,-3.51729931456772,3.367442252852408
R125,1573084800,220,49,-171,269,45,-0.14269544797660336,-0.3857977070966591
R125,1573099200,53,8,-45,61,45,0.20243449292476084,-0.9104441531110449
R125,1573113600,47,158,111,205,45,0.6297382292788308,-0.5472273827933932
R125,1573128000,201,566,365,767,45,1.3254763641117397,0.8703269569185528
R125,1573142400,342,153,-189,495,45,-0.1919997252482268,0.18425083520743304
R125,1573156800,963,191,-772,1154,45,-1.7889104835458087,1.8464720271472417
R125,1573171200,223,68,-155,291,45,-0.09886942373516029,-0.3303062560759068
R125,1573185600,53,21,-32,74,45,0.23804313762093335,-0.8776537502351457
R125,1573200000,56,137,81,193,45,0.5475644338261251,-0.5774954469865308
R125,1573214400,127,559,432,686,45,1.5089978406227826,0.6660175236148738
R125,1573228800,413,170,-243,583,45,-0.3399125570630972,0.4062166392904424
R125,1573243200,840,152,-688,992,45,-1.5588238562782326,1.4378531605398834
R125,1573257600,170,67,-103,237,45,0.0435651550495297,-0.46651254494502614
R125,1573272000,43,29,-14,72,45,0.28734741489255683,-0.8826984276006686
R125,1573286400,21,37,16,58,45,0.3695212103452626,-0.9180111691593292
R125,1573300800,87,153,66,240,45,0.5064775360997722,-0.45894552889674173
R125,1573315200,205,166,-39,371,45,0.218869252015302,-0.1285191614549892
R125,1573329600,218,126,-92,344,45,0.07369554671552182,-0.19662230588954888
R125,1573344000,138,75,-63,213,45,0.1531302156531374,-0.5270486733313015
R125,1573358400,36,48,12,84,45,0.3585647042849018,-0.852430363407531
R125,1573372800,21,28,7,49,45,0.34486907170945086,-0.9407122173041824
R125,1573387200,81,93,12,174,45,0.3585647042849018,-0.6254198819589988
R125,1573401600,132,143,11,275,45,0.3558255777698116,-0.3706636750000903
R125,1573416000,160,102,-58,262,45,0.16682584822858834,-0.4034540778759894
R125,1573430400,68,69,1,137,45,0.3284343126189097,-0.7187464132211732
R125,1573444800,20,17,-3,37,45,0.3174778065585489,-0.9709802814973201
R125,1573459200,30,133,103,163,45,0.6078252171581093,-0.6531656074693749
R125,1573473600,123,387,264,510,45,1.0488245860876302,0.2220859154488551
R125,1573488000,258,161,-97,419,45,0.05999991414007086,-0.007446904682438652
R125,1573502400,677,142,-535,819,45,-1.1397374994694331,1.0014885684221493
R125,1573516800,159,61,-98,220,46,-0.061855019758951094,-0.5072194624914237
R125,1573531200,40,12,-28,52,46,0.1709923017408135,-1.0206236408502654
R125,1573545600,45,144,99,189,46,0.5934438707475292,-0.6019547573076385
R125,1573560000,155,540,385,695,46,1.5447914985894247,0.9443697322731585
R125,1573574400,365,174,-191,539,46,-0.37120931832292403,0.46763728093994833
R125,1573588800,985,137,-848,1122,46,-2.5566477501135716,2.2492720189352147
R125,1573603200,215,76,-139,291,46,-0.19823702235167034,-0.29024507758977036
R125,1573617600,37,14,-23,51,46,0.18762425327651097,-1.0236796181024013
R125,1573632000,44,156,112,200,46,0.6366869447403427,-0.5683390075341429
R125,1573646400,145,579,434,724,46,1.70778462363926,1.0329930725851013
R125,1573660800,337,171,-166,508,46,-0.2880495606444367,0.3729019861237335
R125,1573675200,946,170,-776,1116,46,-2.317147647999528,2.2309361554223988
R125,1573689600,232,56,-176,288,46,-0.32131346371583164,-0.29941300934617826
R125,1573704000,51,16,-35,67,46,0.14770756959083706,-0.9747839820682259
R125,1573718400,45,144,99,189,46,0.5934438707475292,-0.6019547573076385
R125,1573732800,162,499,337,661,46,1.385124763846729,0.8404665057005357
R125,1573747200,349,154,-195,503,46,-0.38451487955148206,0.3576220998630537
R125,1573761600,949,155,-794,1104,46,-2.377022673528039,2.194264428396767
R125,1573776000,245,70,-175,315,46,-0.31798707340869214,-0.21690162353850725
R125,1573790400,37,10,-27,47,46,0.174318692047953,-1.0359035271109451
R125,1573804800,48,130,82,178,46,0.5368952355261579,-0.6355705070811342
R125,1573819200,165,508,343,673,46,1.405083105689566,0.8771382327261673
R125,1573833600,387,196,-191,583,46,-0.37120931832292403,0.6021002800339307
R125,1573848000,831,170,-661,1001,46,-1.9346127626784864,1.879498771426763
R125,1573862400,176,105,-71,281,46,0.02795751853381525,-0.32080485011112997
R125,1573876800,56,31,-25,87,46,0.18097147266223199,-0.9136644370255067
R125,1573891200,28,46,18,74,46,0.32400625586923026,-0.9533921413032742
R125,1573905600,87,152,65,239,46,0.4803466003047865,-0.4491558947008404
R125,1573920000,195,138,-57,333,46,0.07452698283376817,-0.16189403300005994
R125,1573934400,210,108,-102,318,46,-0.07516058098750907,-0.20773369178209938
R125,1573948800,88,64,-24,152,46,0.18429786296937148,-0.7150259156366692
R125,1573963200,27,30,3,57,46,0.2741104012621378,-1.0053437545895856
R125,1573977600,15,18,3,33,46,0.2741104012621378,-1.0786872086408488
R125,1573992000,64,104,40,168,46,0.3971868426262991,-0.6661302796024937
R125,1574006400,160,101,-59,261,46,0.06787420221948919,-0.38192439515384924
R125,1574020800,152,96,-56,248,46,0.07785337314090766,-0.42165209943161674
R125,1574035200,77,57,-20,134,46,0.19760342419792945,-0.7700335061751165
R125,1574049600,18,8,-10,26,46,0.2308673272693244,-1.1000790494058004
R125,1574064000,46,161,115,207,46,0.6466661156617611,-0.5469471667691912
R125,1574078400,146,569,423,715,46,1.6711943302607255,1.0054892773158777
R125,1574092800,335,145,-190,480,46,-0.36788292801578454,0.28733462306392654
R125,1574107200,919,163,-756,1082,46,-2.250619841856738,2.127032928849776
R125,1574121600,183,50,-133,233,47,-0.18049240182445708,-0.4529291520196572
R125,1574136000,40,11,-29,51,47,0.1625845395024483,-0.9890379222330762
R125,1574150400,47,131,84,178,47,0.5353508315211051,-0.614940044117119
R125,1574164800,137,579,442,716,47,1.7163272257041065,0.9698210458544163
R125,1574179200,347,126,-221,473,47,-0.4707882752549155,0.2540274680419942
R125,1574193600,971,170,-801,1141,47,-2.3841019865011184,2.221723393880257
R125,1574208000,207,64,-143,271,47,-0.21348056925973644,-0.34099435384322907
R125,1574222400,42,16,-26,58,47,0.17248098973303214,-0.9684183541479447
R125,1574236800,44,150,106,194,47,0.6079247998787197,-0.5678096027796756
R125,1574251200,161,561,400,722,47,1.577776922475933,0.9874949613559575
R125,1574265600,382,155,-227,537,47,-0.4905811757160832,0.4425492333917679
R125,1574280000,1003,143,-860,1146,47,-2.5787321743692666,2.236451656798208
R125,1574294400,198,51,-147,249,47,-0.22667583623384818,-0.4057987106822138
R125,1574308800,51,14,-37,65,47,0.1361940055542248,-0.9477987860628132
R125,1574323200,44,128,84,172,47,0.5353508315211051,-0.6326139596186603
R125,1574337600,158,541,383,699,47,1.521697037835958,0.9197449519333826
R125,1574352000,380,162,-218,542,47,-0.46089182502433174,0.457277496309719
R125,1574366400,925,170,-755,1095,47,-2.2323564162988334,2.0862233750351074
R125,1574380800,239,67,-172,306,47,-0.3091462548220466,-0.2378965134175716
R125,1574395200,40,15,-25,55,47,0.17577980647656005,-0.9772553118987154
R125,1574409600,40,147,107,187,47,0.6112236166222477,-0.5884291708648071
R125,1574424000,168,532,364,700,47,1.4590195197089273,0.9226906045169728
R125,1574438400,398,178,-220,576,47,-0.46748945851138757,0.5574296841517863
R125,1574452800,836,148,-688,984,47,-2.0113356944824616,1.7592559382565935
R125,1574467200,173,79,-94,252,47,-0.05183854882686755,-0.39696175293144315
R125,1574481600,40,18,-22,58,47,0.18567625670714388,-0.9684183541479447
R125,1574496000,18,40,22,58,47,0.33082419342237307,-0.9684183541479447
R125,1574510400,91,120,29,211,47,0.3539159106270686,-0.5177335088586419
R125,1574524800,200,134,-66,334,47,0.04052831999191467,-0.15541824107704558
R125,1574539200,194,120,-74,314,47,0.014137786043691177,-0.21433129274884988
R125,1574553600,106,67,-39,173,47,0.12959637206716895,-0.62966830703507
R125,1574568000,38,24,-14,62,47,0.21206679065536738,-0.9566357438135838
R125,1574582400,18,17,-1,35,47,0.25495140832123053,-1.0361683635705197
R125,1574596800,56,63,7,119,47,0.281341942269454,-0.7887335465489417
R125,1574611200,98,120,22,218,47,0.33082419342237307,-0.49711394077351045
R125,1574625600,125,78,-47,203,47,0.10320583811894546,-0.5412987295273637
R125,1574640000,59,37,-22,96,47,0.18567625670714388,-0.8564835559715166
R125,1574654400,10,10,0,20,47,0.2582502250647585,-1.0803531523243728
R125,1574668800,40,147,107,187,47,0.6112236166222477,-0.5884291708648071
R125,1574683200,166,527,361,693,47,1.4491230694783435,0.9020710364318413
R125,1574697600,381,407,26,788,47,0.34401946039648484,1.1819080318729116
R125,1574712000,912,161,-751,1073,47,-2.2191611493247216,2.0214190181961227
R125,1574726400,167,52,-115,219,48,-0.35459440728522174,-0.13718781906165894
R125,1574740800,29,8,-21,37,48,0.099931151144017,-0.8515363809876267
R125,1574755200,46,150,104,196,48,0.7043534362892812,-0.2274626373270285
R125,1574769600,146,546,400,692,48,2.135625407513267,1.7193334435261585
R125,1574784000,358,176,-182,534,48,-0.6785647521230833,1.0991846919640544
R125,1574798400,885,126,-759,1011,48,-3.468578020353623,2.9714059229458494
R125,1574812800,183,58,-125,241,48,-0.40294819009684285,-0.050837992894783725
R125,1574827200,34,16,-18,50,48,0.11443728598750334,-0.8005114837072005
R125,1574841600,39,128,89,167,48,0.6318227620718495,-0.34128740818336406
R125,1574856000,161,425,264,586,48,1.4780139612752194,1.3032842810857597
R125,1574870400,514,180,-334,694,48,-1.4135422508597244,1.727183427723147
R125,1574884800,456,128,-328,584,48,-1.3845299811727518,1.2954342968887709
R125,1574899200,109,65,-44,174,48,-0.01128254932271161,-0.31381246349390374
R125,1574913600,21,21,0,42,48,0.2014740950484214,-0.8319114204951551
R125,1574928000,16,25,9,41,48,0.24499249957888042,-0.8358364125936494
R125,1574942400,34,49,15,83,48,0.2740047692658531,-0.6709867444568877
R125,1574956800,100,85,-15,185,48,0.1289434208309897,-0.2706375504104661
R125,1574971200,69,40,-29,109,48,0.0612481248947201,-0.568936949896035
R125,1574985600,54,36,-18,90,48,0.11443728598750334,-0.6435117997674273
R125,1575000000,11,13,2,24,48,0.21114485161074562,-0.902561278268053
R125,1575014400,29,59,30,88,48,0.34653544348328474,-0.651361783964416
R125,1575028800,102,165,63,267,48,0.5061029267616345,0.05121180166606881
R125,1575043200,204,135,-69,339,48,-0.13216700635176445,0.33381123275766045
R125,1575057600,243,76,-167,319,48,-0.6060340779056517,0.2553113907877739
R125,1575072000,96,58,-38,154,48,0.01772972036426107,-0.3923123054637903
R125,1575086400,27,11,-16,38,48,0.12410804254982757,-0.8476113888891325
R125,1575100800,13,16,3,29,48,0.21598022989190774,-0.8829363177755813
R125,1575115200,57,103,46,160,48,0.4239014959818786,-0.36876235287282433
R125,1575129600,126,93,-33,219,48,0.04190661177007164,-0.13718781906165894
R125,1575144000,132,101,-31,233,48,0.051577368332395866,-0.08223792968273835
R125,1575158400,71,70,-1,141,48,0.19663871676725928,-0.44333720274421656
R125,1575172800,13,14,1,27,48,0.2063094733295835,-0.89078630197257
R125,1575187200,16,16,0,32,48,0.2014740950484214,-0.8711613414800984
R125,1575201600,52,81,29,133,48,0.34170006520212265,-0.4747371395321712
R125,1575216000,89,76,-13,165,48,0.13861417739331391,-0.3491373923803527
R125,1575230400,94,66,-28,160,48,0.06608350317588221,-0.36876235287282433
R125,1575244800,42,29,-13,71,48,0.13861417739331391,-0.7180866496388195
R125,1575259200,14,7,-7,21,48,0.1676264470802866,-0.914336254563536
R125,1575273600,44,109,65,153,48,0.5157736833239588,-0.39623729756228465
R125,1575288000,133,570,437,703,48,2.314534403916265,1.762508356609596
R125,1575302400,367,151,-216,518,48,-0.8429676136825952,1.0363848183881452
R125,1575316800,812,125,-687,937,48,-3.120430784109951,2.680956507657269
R125,1575331200,95,26,-69,121,49,-0.004907413702012639,-0.522821085129884
R125,1575345600,2,4,2,6,49,0.2237473934761396,-0.8322092058328172
R125,1575360000,48,141,93,189,49,0.5168120054932079,-0.3398785441924975
R125,1575374400,147,548,401,695,49,1.5087230000125162,1.0214291869004082
R125,1575388800,374,130,-244,504,49,-0.5684932060425286,0.5075758733851019
R125,1575403200,964,175,-789,1139,49,-2.3236603879029927,2.215936365962168
R125,1575417600,145,26,-119,171,49,-0.16593192579930294,-0.3883045109112175
R125,1575432000,1,2,1,3,49,0.22052690323419377,-0.8402802002859372
R125,1575446400,42,145,103,187,49,0.549016907912666,-0.3452592071612442
R125,1575460800,160,573,413,733,49,1.5473688829158658,1.123661783306595
R125,1575475200,388,166,-222,554,49,-0.4976424207197209,0.6420924476037685
R125,1575489600,992,139,-853,1131,49,-2.5297717633875245,2.194413714087181
R125,1575504000,128,27,-101,155,49,-0.10796310144427843,-0.43134981466119077
R125,1575518400,2,3,1,5,49,0.22052690323419377,-0.8348995373171905
R125,1575532800,48,128,80,176,49,0.4749456323479124,-0.3748528534893508
R125,1575547200,133,580,447,713,49,1.6568655511420232,1.0698551536191283
R125,1575561600,362,182,-180,544,49,-0.3623818305579971,0.6151891327600352
R125,1575576000,925,150,-775,1075,49,-2.2785735245157515,2.0437551509622742
R125,1575590400,149,37,-112,186,49,-0.1433884941056823,-0.3479495386456175
R125,1575604800,1,5,4,6,49,0.2301883739600312,-0.8322092058328172
R125,1575619200,42,137,95,179,49,0.5232529859770996,-0.36678185903623084
R125,1575633600,138,554,416,692,49,1.5570303536417032,1.0133581924472883
R125,1575648000,412,163,-249,575,49,-0.5845956572522577,0.6985894087756085
R125,1575662400,857,151,-706,1008,49,-2.056359697821491,1.8635029415092612
R125,1575676800,118,32,-86,150,49,-0.05965574781509134,-0.4448014720830574
R125,1575691200,0,1,1,1,49,0.22052690323419377,-0.8456608632546838
R125,1575705600,0,1,1,1,49,0.22052690323419377,-0.8456608632546838
R125,1575720000,0,0,0,0,49,0.21730641299224795,-0.8483511947390572
R125,1575734400,1,0,-1,1,49,0.21408592275030217,-0.8456608632546838
R125,1575748800,1,0,-1,1,49,0.21408592275030217,-0.8456608632546838
R125,1575763200,1,0,-1,1,49,0.21408592275030217,-0.8456608632546838
R125,1575777600,0,2,2,2,49,0.2237473934761396,-0.8429705317703106
R125,1575792000,1,0,-1,1,49,0.21408592275030217,-0.8456608632546838
R125,1575806400,0,0,0,0,49,0.21730641299224795,-0.8483511947390572
R125,1575820800,1,0,-1,1,49,0.21408592275030217,-0.8456608632546838
R125,1575835200,2,0,-2,2,49,0.21086543250835635,-0.8429705317703106
R125,1575849600,1,1,0,2,49,0.21730641299224795,-0.8429705317703106
R125,1575864000,1,1,0,2,49,0.21730641299224795,-0.8429705317703106
R125,1575878400,35,137,102,172,49,0.5457964176707202,-0.3856141794268441
R125,1575892800,122,577,455,699,49,1.6826294730775897,1.0321905128379016
R125,1575907200,312,109,-203,421,49,-0.4364531061227506,0.28427836018211544
R125,1575921600,888,152,-736,1040,49,-2.152974405079865,1.9495935490092078
R125,1575936000,120,25,-95,145,50,-0.11429454853023714,-0.3788357261983063
R125,1575950400,2,7,5,9,50,0.21270620339550947,-0.7549062281177928
R125,1575964800,50,131,81,181,50,0.4612267748590768,-0.27928765216079515
R125,1575979200,105,566,461,671,50,1.703829632176914,1.0756722444608844
R125,1575993600,143,27,-116,170,50,-0.1829647064346439,-0.30970511922781246
R125,1576008000,936,139,-797,1075,50,-2.4098398270489785,2.192822853104065
R125,1576022400,151,33,-118,184,50,-0.18950472147315886,-0.2709919793243359
R125,1576036800,0,2,2,2,50,0.20289618083773708,-0.7742627980695311
R125,1576051200,45,143,98,188,50,0.5168169026864537,-0.25993108220905686
R125,1576065600,113,547,434,660,50,1.6155394291569625,1.045254777393867
R125,1576080000,214,37,-177,251,50,-0.38243516510934933,-0.08572195264341238
R125,1576094400,1008,192,-816,1200,50,-2.4719699699148703,2.538475887956534
R125,1576108800,157,29,-128,186,50,-0.2222047966657335,-0.2654615307666964
R125,1576123200,0,7,7,7,50,0.2192462184340244,-0.7604366766754324
R125,1576137600,38,126,88,164,50,0.48411682749387913,-0.326296464900731
R125,1576152000,100,517,417,617,50,1.5599493013295855,0.9263501334046177
R125,1576166400,232,23,-209,255,50,-0.48707540572558833,-0.07466105552813336
R125,1576180800,1003,149,-854,1152,50,-2.596230255646654,2.4057451225731863
R125,1576195200,135,30,-105,165,50,-0.1469946237228118,-0.32353124062191124
R125,1576209600,0,4,4,4,50,0.209436195876252,-0.7687323495118916
R125,1576224000,37,129,92,166,50,0.497196857570909,-0.3207660163430915
R125,1576238400,80,462,382,542,50,1.4454990381555741,0.7189583124931361
R125,1576252800,165,36,-129,201,50,-0.22547480418499097,-0.2239831665844001
R125,1576267200,834,156,-678,990,50,-2.0207089322573397,1.9577787894043859
R125,1576281600,133,48,-85,181,50,-0.08159447333766248,-0.27928765216079515
R125,1576296000,1,1,0,2,50,0.19635616579922213,-0.7742627980695311
R125,1576310400,0,7,7,7,50,0.2192462184340244,-0.7604366766754324
R125,1576324800,1,1,0,2,50,0.19635616579922213,-0.7742627980695311
R125,1576339200,0,2,2,2,50,0.20289618083773708,-0.7742627980695311
R125,1576353600,4,6,2,10,50,0.20289618083773708,-0.7521410038389731
R125,1576368000,2,4,2,6,50,0.20289618083773708,-0.7632019009542521
R125,1576382400,0,0,0,0,50,0.19635616579922213,-0.7797932466271706
R125,1576396800,0,2,2,2,50,0.20289618083773708,-0.7742627980695311
R125,1576411200,2,4,2,6,50,0.20289618083773708,-0.7632019009542521
R125,1576425600,0,1,1,1,50,0.1996261733184796,-0.7770280223483509
R125,1576440000,0,2,2,2,50,0.20289618083773708,-0.7742627980695311
R125,1576454400,0,1,1,1,50,0.1996261733184796,-0.7770280223483509
R125,1576468800,0,0,0,0,50,0.19635616579922213,-0.7797932466271706
R125,1576483200,37,138,101,175,50,0.5266269252442262,-0.2958789978337137
R125,1576497600,136,559,423,695,50,1.5795693464451301,1.1420376271525585
R125,1576512000,327,175,-152,502,50,-0.3006849771279127,0.6083493413403459
R125,1576526400,872,193,-679,1065,50,-2.0239789397765975,2.1651706103158674
R125,1576540800,93,38,-55,131,51,0.00034832023836921456,-0.4679099313699554
R125,1576555200,0,3,3,3,51,0.21247534540522162,-0.8361013527758219
R125,1576569600,36,109,73,145,51,0.46849072060659525,-0.4276389946536887
R125,1576584000,135,597,462,732,51,1.891204734225657,1.260863851949777
R125,1576598400,306,153,-153,459,51,-0.3580732050435538,0.47558058598257746
R125,1576612800,876,177,-699,1053,51,-2.354993131614268,2.1842189009441766
R125,1576627200,125,40,-85,165,51,-0.10937255484793376,-0.37010908505902207
R125,1576641600,1,2,1,3,51,0.20516062039946809,-0.8361013527758219
R125,1576656000,44,138,94,182,51,0.5452953331670073,-0.32120866190355546
R125,1576670400,130,532,402,662,51,1.671762984053051,1.0595091683684439
R125,1576684800,319,161,-158,480,51,-0.37636001755793763,0.5359869910569774
R125,1576699200,876,172,-704,1048,51,-2.373279944128652,2.16983642354551
R125,1576713600,114,35,-79,149,51,-0.08742837983067316,-0.4161330127347554
R125,1576728000,0,3,3,3,51,0.21247534540522162,-0.8361013527758219
R125,1576742400,31,124,93,155,51,0.5416379706641306,-0.3988740398563554
R125,1576756800,126,560,434,686,51,1.7887985841451075,1.128545059882044
R125,1576771200,323,178,-145,501,51,-0.32881430502053965,0.5963933961313774
R125,1576785600,953,149,-804,1102,51,-2.7390161944163283,2.32516717945111
R125,1576800000,123,25,-98,148,51,-0.1569182673853317,-0.41900950821448874
R125,1576814400,0,1,1,1,51,0.20516062039946809,-0.8418543437352886
R125,1576828800,52,116,64,168,51,0.4355744580807044,-0.3614795986198221
R125,1576843200,158,475,317,633,51,1.360887171308526,0.9760907994561773
R125,1576857600,447,180,-267,627,51,-0.7750125303715051,0.9588318265777772
R125,1576872000,843,160,-683,1003,51,-2.2964753315682396,2.04039412695751
R125,1576886400,95,39,-56,134,51,-0.003309042264507551,-0.45928044493075537
R125,1576900800,0,0,0,0,51,0.20150325789659132,-0.8447308392150219
R125,1576915200,0,1,1,1,51,0.20516062039946809,-0.8418543437352886
R125,1576929600,0,0,0,0,51,0.20150325789659132,-0.8447308392150219
R125,1576944000,2,0,-2,2,51,0.1941885328908378,-0.8389778482555552
R125,1576958400,3,1,-2,4,51,0.1941885328908378,-0.8332248572960885
R125,1576972800,3,1,-2,4,51,0.1941885328908378,-0.8332248572960885
R125,1576987200,0,4,4,4,51,0.21613270790809838,-0.8332248572960885
R125,1577001600,1,3,2,4,51,0.20881798290234485,-0.8332248572960885
R125,1577016000,3,1,-2,4,51,0.1941885328908378,-0.8332248572960885
R125,1577030400,1,1,0,2,51,0.20150325789659132,-0.8389778482555552
R125,1577044800,0,3,3,3,51,0.21247534540522162,-0.8361013527758219
R125,1577059200,3,0,-3,3,51,0.19053117038796102,-0.8361013527758219
R125,1577073600,0,0,0,0,51,0.20150325789659132,-0.8447308392150219
R125,1577088000,35,103,68,138,51,0.45020390809221145,-0.44777446301182205
R125,1577102400,142,388,246,530,51,1.1012144336042755,0.679811765043644
R125,1577116800,306,201,-105,507,51,-0.18251980490546907,0.6136523690097774
R125,1577131200,619,136,-483,755,51,-1.5650028309928865,1.3270232479836437
R125,1577145600,64,23,-41,87,52,-0.08352690695845567,-0.6844520899170743
R125,1577160000,0,4,4,4,52,0.24331751157463175,-1.1386254953517219
R125,1577174400,35,81,46,116,52,0.5483723022055134,-0.5257649964519565
R125,1577188800,110,254,144,364,52,1.2601668136775703,0.8312832511118097
R125,1577203200,371,140,-231,511,52,-1.4635366740981581,1.6356626559177516
R125,1577217600,215,84,-131,299,52,-0.7372157440246305,0.4756052830003387
R125,1577232000,44,53,9,97,52,0.27963355807830814,-0.6297324025153096
R125,1577246400,9,13,4,22,52,0.24331751157463175,-1.0401300580285453
R125,1577260800,17,19,2,36,52,0.2287910929731612,-0.9635224956660746
R125,1577275200,34,57,23,91,52,0.381318488288602,-0.6625642149563684
R125,1577289600,107,67,-40,174,52,-0.0762636976577204,-0.20839080952172087
R125,1577304000,82,71,-11,153,52,0.1343693720636026,-0.32330215306542687
R125,1577318400,46,60,14,106,52,0.3159496045819845,-0.5804846838537213
R125,1577332800,9,13,4,22,52,0.24331751157463175,-1.0401300580285453
R125,1577347200,26,90,64,116,52,0.6791100696187483,-0.5257649964519565
R125,1577361600,93,287,194,380,52,1.6233272787143342,0.9188347509546333
R125,1577376000,244,132,-112,376,52,-0.5992147673106603,0.8969468759939274
R125,1577390400,444,100,-344,544,52,-2.2842793250812443,1.8162376243435754
R125,1577404800,48,29,-19,77,52,0.0762636976577204,-0.7391717773188391
R125,1577419200,0,4,4,4,52,0.24331751157463175,-1.1386254953517219
R125,1577433600,31,78,47,109,52,0.5556355115062486,-0.5640687776331919
R125,1577448000,83,268,185,351,52,1.5579583950077167,0.7601476574895155
R125,1577462400,309,174,-135,483,52,-0.7662685812275716,1.4824475311928103
R125,1577476800,478,90,-388,568,52,-2.6038605343135965,1.9475648741078107
