remote_unit_id,time_stamp,entries,exits,num_people_exited,sum_exit_entry,week_num,z_score_num_people_exited,z_score_sum_exit_entry
R016,1546311600,60,65,5,125,1,-0.18772675418201012,-0.6734060644831957
R016,1546326000,22,30,8,52,1,-0.17920294480293508,-0.8404635119874823
R016,1546340400,30,61,31,91,1,-0.11385373956335966,-0.7512136427728634
R016,1546354800,64,98,34,162,1,-0.1053299301842846,-0.5887331116385573
R016,1546369200,123,123,0,246,1,-0.20193310314713522,-0.3965026240993782
R016,1546383600,70,59,-11,129,1,-0.23318707087041043,-0.6642522317432348
R016,1546398000,31,20,-11,51,1,-0.23318707087041043,-0.8427519701724725
R016,1546412400,12,116,104,128,1,0.09355895532746668,-0.666540689928225
R016,1546426800,126,1086,960,1212,1,2.5256858981568824,1.8141479826011813
R016,1546441200,198,332,134,530,1,0.17879704911821723,0.2534195004378464
R016,1546455600,796,357,-439,1153,1,-1.4492505422851183,1.6791289496867579
R016,1546470000,239,110,-129,349,1,-0.5684569064473626,-0.1607914310453848
R016,1546484400,61,14,-47,75,1,-0.3354727834193111,-0.7878289737327071
R016,1546498800,12,127,115,139,1,0.12481292305074188,-0.6413676498933325
R016,1546513200,134,1196,1062,1330,1,2.815495417045434,2.0841860484300283
R016,1546527600,257,346,89,603,1,0.0509399084320914,0.420476947942133
R016,1546542000,878,441,-437,1319,1,-1.4435680026990683,2.0590130083951355
R016,1546556400,260,111,-149,371,1,-0.6252823023078629,-0.11044535097559978
R016,1546570800,71,19,-52,90,1,-0.34967913238443615,-0.7535021009578536
R016,1546585200,15,127,112,142,1,0.11628911367166683,-0.6345022753383619
R016,1546599600,121,1189,1068,1310,1,2.8325430358035844,2.0384168847302235
R016,1546614000,230,327,97,557,1,0.07367006677629155,0.3152078714325825
R016,1546628400,797,422,-375,1219,1,-1.267409275531517,1.830167189896113
R016,1546642800,234,117,-117,351,1,-0.5343616689310623,-0.15621451467540431
R016,1546657200,73,32,-41,105,1,-0.318425164661161,-0.7191752281830003
R016,1546671600,9,29,20,38,1,-0.14510770728663486,-0.8725019265773455
R016,1546686000,44,121,77,165,1,0.016844670915791185,-0.5818677370835866
R016,1546700400,138,211,73,349,1,0.005479591743691113,-0.1607914310453848
R016,1546714800,167,188,21,355,1,-0.14226643749360984,-0.14706068193544342
R016,1546729200,126,76,-50,202,1,-0.3439965927983861,-0.4971947842389482
R016,1546743600,53,19,-34,72,1,-0.29853627610998584,-0.7946943482876777
R016,1546758000,7,17,10,24,1,-0.17352040521688505,-0.9045403411672087
R016,1546772400,42,78,36,120,1,-0.09964739059823456,-0.6848483554081468
R016,1546786800,108,149,41,257,1,-0.08544104163310948,-0.3713295840644857
R016,1546801200,118,173,55,291,1,-0.045663264530759216,-0.29352200577481796
R016,1546815600,91,85,-6,176,1,-0.21898072190528534,-0.5566946970486941
R016,1546830000,22,16,-6,38,1,-0.21898072190528534,-0.8725019265773455
R016,1546844400,15,126,111,141,1,0.1134478438786418,-0.636790733523352
R016,1546858800,118,1239,1121,1357,1,2.98313033483391,2.145974419424764
R016,1546873200,222,361,139,583,1,0.19300339808334233,0.3747077842423284
R016,1546887600,848,364,-484,1212,1,-1.577107682971244,1.8141479826011813
R016,1546902000,270,120,-150,390,1,-0.628123572100888,-0.06696464546078545
R016,1546916400,65,23,-42,88,2,-0.33466710116353093,-0.8733720595267892
R016,1546930800,18,112,94,130,2,0.006815300023694613,-0.785656942639676
R016,1546945200,131,1281,1150,1412,2,2.658325709242152,1.8917425775812555
R016,1546959600,248,370,122,618,2,0.07712050026812341,0.23350917738202012
R016,1546974000,852,417,-435,1269,2,-1.321450804594264,1.5930934891322748
R016,1546988400,269,147,-122,416,2,-0.5355391018618989,-0.18835876574171476
R016,1547002800,64,19,-45,83,2,-0.34219980118971977,-0.8838143353466836
R016,1547017200,17,134,117,151,2,0.06456600022447541,-0.7417993841961195
R016,1547031600,140,1255,1115,1395,2,2.570444208936616,1.8562388397936145
R016,1547046000,236,394,158,630,2,0.16751290058238902,0.25857063934976676
R016,1547060400,849,423,-426,1272,2,-1.2988527045156975,1.5993588546242115
R016,1547074800,294,120,-174,414,2,-0.6661059023158381,-0.19253567606967253
R016,1547089200,75,31,-44,106,2,-0.33968890118099015,-0.8357798665751693
R016,1547103600,13,130,117,143,2,0.06456600022447541,-0.7585070255079506
R016,1547118000,139,1095,956,1234,2,2.1712111075486096,1.5199975583930139
R016,1547132400,263,420,157,683,2,0.1650020005736594,0.3692587630406477
R016,1547146800,859,436,-423,1295,2,-1.2913200044895086,1.6473933233957259
R016,1547161200,291,136,-155,427,2,-0.6183988021499758,-0.16538575893794702
R016,1547175600,66,20,-46,86,2,-0.3447107011984493,-0.8775489698547471
R016,1547190000,21,112,91,133,2,-0.0007174000024941867,-0.7793915771477394
R016,1547204400,120,1180,1060,1300,2,2.432344708456488,1.6578355992156202
R016,1547218800,245,422,177,667,2,0.2152200007482514,0.33584348041698553
R016,1547233200,857,440,-417,1297,2,-1.276254604437131,1.6515702337236835
R016,1547247600,239,121,-118,360,2,-0.5254955018269806,-0.30531225492453234
R016,1547262000,74,30,-44,104,2,-0.33968890118099015,-0.8399567769031271
R016,1547276400,15,25,10,40,2,-0.2041003007095918,-0.9736179073977758
R016,1547290800,37,136,99,173,2,0.019369800067342614,-0.695853370588584
R016,1547305200,114,177,63,291,2,-0.07102260024692299,-0.44941566123907545
R016,1547319600,160,192,32,352,2,-0.14886050051754057,-0.32201989623636346
R016,1547334000,96,87,-9,183,2,-0.25180740087545417,-0.6749688189487951
R016,1547348400,50,25,-25,75,2,-0.2919818010151278,-0.9005219766585147
R016,1547362800,8,18,10,26,2,-0.2041003007095918,-1.0028562796934801
R016,1547377200,31,73,42,104,2,-0.12375150043024459,-0.8399567769031271
R016,1547391600,110,119,9,229,2,-0.20661120071832137,-0.5788998814057663
R016,1547406000,116,127,11,243,2,-0.20158940070086218,-0.549661509110062
R016,1547420400,60,44,-16,104,2,-0.2693837009365614,-0.8399567769031271
R016,1547434800,24,18,-6,42,2,-0.2442747008492654,-0.969440997069818
R016,1547449200,14,134,120,148,2,0.07209870025066421,-0.7480647496880561
R016,1547463600,117,1206,1089,1323,2,2.5051608087096464,1.7058700679871346
R016,1547478000,235,394,159,629,2,0.1700238005911186,0.2564821841857879
R016,1547492400,820,387,-433,1207,2,-1.3164290045768046,1.463609268965584
R016,1547506800,261,117,-144,378,2,-0.5907789020539501,-0.2677200619729124
R016,1547521200,60,13,-47,73,3,-0.37863701075693496,-0.8320977662486867
R016,1547535600,17,131,114,148,3,0.06113342324141512,-0.6673518225853704
R016,1547550000,130,1302,1172,1432,3,2.9510534180877155,2.1530987329306055
R016,1547564400,235,405,170,640,3,0.21409705245823255,0.41338156784598495
R016,1547578800,862,437,-425,1299,3,-1.4111415079704526,1.8609492595009913
R016,1547593200,279,104,-175,383,3,-0.7282681632525175,-0.15114786577364578
R016,1547607600,57,13,-44,70,3,-0.37044253062031973,-0.8386876039952194
R016,1547622000,11,148,137,159,3,0.12395777095546513,-0.6431890841814173
R016,1547636400,133,1274,1141,1407,3,2.8663771233426916,2.0981834183761667
R016,1547650800,234,401,167,635,3,0.20590257232161732,0.4023985049350972
R016,1547665200,834,455,-379,1289,3,-1.2854928125423526,1.8389831336792157
R016,1547679600,304,134,-170,438,3,-0.7146106963581589,-0.030334173753880443
R016,1547694000,70,22,-48,92,3,-0.3813685041358067,-0.7903621271873132
R016,1547708400,17,143,126,160,3,0.093911343787876,-0.6409924715992398
R016,1547722800,128,1170,1042,1298,3,2.5959592788343895,1.8587526469188138
R016,1547737200,272,407,135,679,3,0.11849478419772166,0.4990494585509095
R016,1547751600,817,483,-334,1300,3,-1.1625756104931242,1.8631458720831688
R016,1547766000,267,139,-128,406,3,-0.5998879744455459,-0.10062577638356208
R016,1547780400,70,24,-46,94,3,-0.3759055173780632,-0.7859689020229581
R016,1547794800,15,130,115,145,3,0.06386491662028686,-0.6739416603319031
R016,1547809200,101,1236,1135,1337,3,2.8499881630694612,1.9444205376237382
R016,1547823600,254,382,128,636,3,0.09937433054561948,0.4045951175172747
R016,1547838000,781,415,-366,1196,3,-1.24998339861702,1.6346981635367035
R016,1547852400,197,132,-65,329,3,-0.4278038915766263,-0.26976494521123356
R016,1547866800,69,34,-35,103,3,-0.3458590902104741,-0.7661993887833602
R016,1547881200,12,30,18,42,3,-0.2010899411302719,-0.9001927562961909
R016,1547895600,43,123,80,166,3,-0.03173735164022403,-0.6278127961061745
R016,1547910000,131,180,49,311,3,-0.11641364638524795,-0.3093039716904295
R016,1547924400,160,196,36,356,3,-0.1519230603105806,-0.21045640549243966
R016,1547938800,94,73,-21,167,3,-0.30761818290626974,-0.625616183523997
R016,1547953200,38,24,-14,62,3,-0.28849772925416756,-0.8562605046526398
R016,1547967600,6,19,13,25,3,-0.21474740802463058,-0.9375351701932092
R016,1547982000,28,71,43,99,3,-0.1328026066584784,-0.7749858391120704
R016,1547996400,76,126,50,202,3,-0.11368215300637621,-0.5487347431477826
R016,1548010800,105,137,32,242,3,-0.16284903382606752,-0.46087023986068054
R016,1548025200,63,64,1,127,3,-0.24752532857109147,-0.713480686811099
R016,1548039600,24,13,-11,37,3,-0.28030324911755233,-0.9111758192070786
R016,1548054000,7,76,69,83,3,-0.06178377880781316,-0.8101316404269112
R016,1548068400,50,330,280,380,3,0.5145613241341239,-0.15773770352017843
R016,1548082800,126,198,72,324,3,-0.053589298671197945,-0.2807480081221213
R016,1548097200,269,162,-107,431,3,-0.5425266134892394,-0.045710461829123306
R016,1548111600,118,56,-62,174,3,-0.41960941144001107,-0.610239895448754
R016,1548126000,37,14,-23,51,4,-0.3184224399348371,-0.9699951884760036
R016,1548140400,20,139,119,159,4,0.028566676047506855,-0.7447867032977699
R016,1548154800,99,1201,1102,1300,4,2.430611049361902,1.6344992373352367
R016,1548169200,230,438,208,668,4,0.24604576986742668,0.31661254629223917
R016,1548183600,800,420,-380,1220,4,-1.1907824005383358,1.4676781372032117
R016,1548198000,284,128,-156,412,4,-0.6434192880028072,-0.2172149741302408
R016,1548212400,68,20,-48,88,4,-0.3795120730303202,-0.892840429664942
R016,1548226800,14,141,127,155,4,0.04811535863806145,-0.7531277583043711
R016,1548241200,130,1270,1140,1400,4,2.5234672916670364,1.843025612500268
R016,1548255600,260,469,209,729,4,0.24848935519124601,0.4438136351429082
R016,1548270000,826,416,-410,1242,4,-1.2640899602529156,1.5135539397395186
R016,1548284400,305,120,-185,425,4,-0.7142832623935675,-0.19010654535878674
R016,1548298800,73,18,-55,91,4,-0.39661717029705545,-0.8865846384099911
R016,1548313200,16,128,112,144,4,0.01146157878077159,-0.7760656595725245
R016,1548327600,133,1260,1127,1393,4,2.491700682457385,1.8284287662387158
R016,1548342000,249,441,192,690,4,0.2069484046863175,0.3624883488285461
R016,1548356400,865,435,-430,1300,4,-1.312961666729302,1.6344992373352367
R016,1548370800,308,136,-172,444,4,-0.6825166531839164,-0.15048653407743082
R016,1548385200,67,21,-46,88,4,-0.37462490238268153,-0.892840429664942
R016,1548399600,14,118,104,132,4,-0.008087103809783003,-0.8010888245923283
R016,1548414000,124,1221,1097,1345,4,2.4183931227428057,1.7283361061595006
R016,1548428400,235,411,176,646,4,0.16785103950520833,0.2707367437559323
R016,1548442800,811,443,-368,1254,4,-1.1614593766525039,1.5385771047593222
R016,1548457200,214,138,-76,352,4,-0.4479324620972613,-0.3423307992292596
R016,1548471600,76,24,-52,100,4,-0.3892864143255975,-0.8678172646451383
R016,1548486000,15,39,24,54,4,-0.20357392971532892,-0.9637393972210526
R016,1548500400,39,126,87,165,4,-0.04962805431471151,-0.7322751207878679
R016,1548514800,115,184,69,299,4,-0.09361259014345934,-0.4528497780667261
R016,1548529200,187,178,-9,365,4,-0.2842122454013666,-0.3152223704578055
R016,1548543600,95,100,5,195,4,-0.25000205086789606,-0.6697172082383586
R016,1548558000,56,34,-22,90,4,-0.31597885461101777,-0.8886699021616414
R016,1548572400,9,17,8,26,4,-0.2426712948964381,-1.0221267822672615
R016,1548586800,37,85,48,122,4,-0.14492788194366513,-0.8219414621088315
R016,1548601200,100,184,84,284,4,-0.05695881028616948,-0.4841287343414808
R016,1548615600,139,167,28,306,4,-0.19379958842005163,-0.43825293180517394
R016,1548630000,69,80,11,149,4,-0.23534053892498014,-0.765639340814273
R016,1548644400,20,9,-11,29,4,-0.28909941604900524,-1.0158709910123105
R016,1548658800,16,135,119,151,4,0.028566676047506855,-0.7614688133109724
R016,1548673200,125,1275,1150,1400,4,2.54790314490523,1.843025612500268
R016,1548687600,221,386,165,607,4,0.14097160094319575,0.18941145744157012
R016,1548702000,816,396,-420,1212,4,-1.2885258134911088,1.450996027190009
R016,1548716400,269,128,-141,397,4,-0.6067655081455173,-0.24849393040499548
R016,1548730800,73,10,-63,83,5,-0.42111500830349086,-0.8691405996561613
R016,1548745200,15,136,121,151,5,0.04512808398438555,-0.7268251798294215
R016,1548759600,141,1329,1188,1470,5,2.74883123328419,2.033675390045136
R016,1548774000,225,433,208,658,5,0.2655799808813706,0.33426184740818315
R016,1548788400,837,435,-402,1272,5,-1.2801172272469152,1.6192863734908052
R016,1548802800,283,119,-164,402,5,-0.6770419230919448,-0.20151385076307282
R016,1548817200,65,15,-50,80,5,-0.3881739202614126,-0.8754192211191058
R016,1548831600,15,128,113,143,5,0.02485664518926049,-0.7435681703972732
R016,1548846000,119,1262,1143,1381,5,2.634804390061612,1.8474096199777852
R016,1548860400,258,403,145,661,5,0.10594240036976073,0.34054046887112754
R016,1548874800,861,432,-429,1293,5,-1.348533333180462,1.6632367237314158
R016,1548889200,280,155,-125,435,5,-0.57821865896571,-0.13244901467068437
R016,1548903600,72,11,-61,83,5,-0.4160471486047096,-0.8691405996561613
R016,1548918000,19,115,96,134,5,-0.01822016225038026,-0.7624040347861064
R016,1548932400,111,1122,1011,1233,5,2.3003256499420486,1.5376642944725278
R016,1548946800,237,369,132,606,5,0.0730013123276825,0.2254324087171468
R016,1548961200,717,415,-302,1132,5,-1.026724242307852,1.3262840385533994
R016,1548975600,274,134,-140,408,5,-0.6162276067065695,-0.18895660783718402
R016,1548990000,69,17,-52,86,5,-0.3932417799601939,-0.862861978193217
R016,1549004400,17,121,104,138,5,0.0020512765447447995,-0.7540325395021805
R016,1549018800,137,1105,968,1242,5,2.191366666418251,1.556500158861361
R016,1549033200,246,423,177,669,5,0.18702815555026098,0.3572834594389793
R016,1549047600,736,509,-227,1245,5,-0.8366795036035546,1.5627787803243054
R016,1549062000,228,137,-91,365,5,-0.49206504408642854,-0.27895018213938716
R016,1549076400,66,32,-34,98,5,-0.3476310426711625,-0.8377474923414393
R016,1549090800,10,29,19,39,5,-0.21333276065345896,-0.961227047779346
R016,1549105200,41,99,58,140,5,-0.1145094965272243,-0.7498467918602176
R016,1549119600,111,156,45,267,5,-0.14745058456930252,-0.4840518165955711
R016,1549134000,152,151,-1,303,5,-0.2640113576412716,-0.4087083590402382
R016,1549148400,84,89,5,173,5,-0.2488077785449278,-0.6807819557678292
R016,1549162800,53,19,-34,72,5,-0.3476310426711625,-0.8921622116869575
R016,1549177200,9,15,6,24,5,-0.24627384869553717,-0.992620155094068
R016,1549191600,35,67,32,102,5,-0.18039167261138073,-0.8293759970575134
R016,1549206000,91,111,20,202,5,-0.21079883080406833,-0.6200886149593666
R016,1549220400,109,114,5,223,5,-0.2488077785449278,-0.5761382647187557
R016,1549234800,69,56,-13,125,5,-0.29441851583395917,-0.7812398991749396
R016,1549249200,20,29,9,49,5,-0.23867205914736528,-0.9402983095695313
R016,1549263600,9,117,108,126,5,0.012186995942307328,-0.7791470253539582
R016,1549278000,115,1289,1174,1404,5,2.7133562153927215,1.895545717860359
R016,1549292400,224,362,138,586,5,0.08820489142402631,0.18357493229751742
R016,1549306800,798,416,-382,1214,5,-1.2294386302591025,1.4978996918738798
R016,1549321200,266,145,-121,411,5,-0.5680829395681475,-0.1826779863742396
R016,1549335600,62,17,-45,79,6,-0.3482795054949887,-0.8980591632491479
R016,1549350000,14,125,111,139,6,0.0343374160347172,-0.7746213378216442
R016,1549364400,123,1265,1142,1388,6,2.5630428397342477,1.794942728160891
R016,1549378800,246,408,162,654,6,0.15942371730404412,0.28488666376442917
R016,1549393200,831,390,-441,1221,6,-1.3195378447627035,1.451374114054339
R016,1549407600,283,116,-167,399,6,-0.64750555951181,-0.23972409430246153
R016,1549422000,57,22,-35,79,6,-0.323752779755905,-0.8980591632491479
R016,1549436400,13,148,135,161,6,0.0932015578085181,-0.7293608018315595
R016,1549450800,138,1281,1143,1419,6,2.565495512308156,1.8587189379651012
R016,1549465200,268,427,159,695,6,0.152065699582319,0.3692358444732234
R016,1549479600,895,485,-410,1380,6,-1.243504994971544,1.778484351437224
R016,1549494000,288,144,-144,432,6,-0.5910940903119174,-0.1718332903173345
R016,1549508400,73,15,-58,88,6,-0.3801642489557975,-0.8795434894350224
R016,1549522800,16,132,116,148,6,0.04660077890425905,-0.7561056640075187
R016,1549537200,126,1262,1136,1388,6,2.5483268042907974,1.794942728160891
R016,1549551600,254,466,212,720,6,0.28205734599946264,0.42066827173468324
R016,1549566000,838,439,-399,1277,6,-1.216525596658552,1.5665827511200092
R016,1549580400,304,140,-164,444,6,-0.6401475417900848,-0.14714572523183375
R016,1549594800,75,20,-55,95,6,-0.3728062312340724,-0.8651424098018136
R016,1549609200,11,148,137,159,6,0.09810690295633484,-0.7334753960124764
R016,1549623600,113,1151,1038,1264,6,2.307964892047777,1.53983788894405
R016,1549638000,286,474,188,760,6,0.22319320422566175,0.5029601553530191
R016,1549652400,802,437,-365,1239,6,-1.1331347291456675,1.4884054616825901
R016,1549666800,241,148,-93,389,6,-0.4660077890425905,-0.2602970652070455
R016,1549681200,69,35,-34,104,6,-0.3213001071819966,-0.846626735987688
R016,1549695600,12,30,18,42,6,-0.1937611333387613,-0.9741791555961085
R016,1549710000,68,106,38,174,6,-0.14470768186059388,-0.7026159396556004
R016,1549724400,118,165,47,283,6,-0.12263362869541855,-0.47837055679563534
R016,1549738800,169,169,0,338,6,-0.23790923966911198,-0.36521921682042363
R016,1549753200,90,85,-5,175,6,-0.25017260253865387,-0.700558642565142
R016,1549767600,62,27,-35,89,6,-0.323752779755905,-0.8774861923445639
R016,1549782000,10,18,8,28,6,-0.218287859077845,-1.002981314862526
R016,1549796400,51,55,4,106,6,-0.2280985493734785,-0.8425121418067713
R016,1549810800,89,122,33,211,6,-0.15697104473013573,-0.6264959473086398
R016,1549825200,121,122,1,243,6,-0.2354565670952036,-0.5606624404139712
R016,1549839600,67,51,-16,118,6,-0.27715200085164593,-0.8178245767212705
R016,1549854000,24,13,-11,37,6,-0.26488863798210405,-0.9844656410484005
R016,1549868400,10,128,118,138,6,0.05150612405207579,-0.7766786349121027
R016,1549882800,121,1212,1091,1333,6,2.437956538464921,1.6817913881856794
R016,1549897200,217,339,122,556,6,0.061316814347709275,0.08327154889950647
R016,1549911600,849,398,-451,1247,6,-1.3440645705017873,1.5048638384062574
R016,1549926000,285,128,-157,413,6,-0.6229788337727262,-0.210921935036044
R016,1549940400,58,19,-39,77,7,-0.34707301273375735,-0.8418449823501051
R016,1549954800,13,129,116,142,7,0.07771460014399419,-0.6959900098416462
R016,1549969200,124,1294,1170,1418,7,2.966270367712705,2.1672552966321006
R016,1549983600,230,411,181,641,7,0.2558513410282126,0.42372739449252284
R016,1549998000,687,365,-322,1052,7,-1.1226529768912004,1.345979605276778
R016,1550012400,270,128,-142,398,7,-0.6293512329041342,-0.12154581042371579
R016,1550026800,67,12,-55,79,7,-0.3909220566437188,-0.8373571370421525
R016,1550041200,12,145,133,157,7,0.12430420929832824,-0.6623311700320018
R016,1550055600,129,1256,1127,1385,7,2.8484260622046835,2.0932058490508827
R016,1550070000,238,409,171,647,7,0.2284456885844867,0.4371909304163806
R016,1550084400,871,451,-420,1322,7,-1.3912283708397144,1.9518387218503765
R016,1550098800,322,131,-191,453,7,-0.7636389298783911,0.0018699355449801997
R016,1550113200,74,22,-52,96,7,-0.38270036091060106,-0.7992104519245555
R016,1550127600,16,137,121,153,7,0.09141742636585715,-0.671306860647907
R016,1550142000,125,1279,1154,1404,7,2.922421323802743,2.1358403794764325
R016,1550156400,288,494,206,782,7,0.32436547213752737,0.7401204887031798
R016,1550170800,915,432,-483,1347,7,-1.5638839812351875,2.007936788199784
R016,1550185200,291,176,-115,467,7,-0.5553559713060743,0.033284852700648265
R016,1550199600,72,40,-32,112,7,-0.3278890560231492,-0.7633076894609349
R016,1550214000,12,123,111,135,7,0.06401177392213124,-0.7116974684194802
R016,1550228400,129,1119,990,1248,7,2.4729686237256385,1.785788445456131
R016,1550242800,234,411,177,645,7,0.2448890800507222,0.432703085108428
R016,1550257200,720,376,-344,1096,7,-1.1829454122673975,1.444712202051735
R016,1550271600,214,143,-71,357,7,-0.4347711005536803,-0.2135466392367437
R016,1550286000,79,30,-49,109,7,-0.3744786651774833,-0.7700394574228637
R016,1550300400,12,21,9,33,7,-0.21552588100387302,-0.9405775791250618
R016,1550314800,51,98,47,149,7,-0.11138440171771456,-0.6802825512638121
R016,1550329200,107,143,36,250,7,-0.14153061940581307,-0.4536463632122068
R016,1550343600,167,189,22,356,7,-0.17989853282702933,-0.21579056189072
R016,1550358000,90,87,-3,177,7,-0.2484126639363441,-0.617452716952476
R016,1550372400,53,28,-25,81,7,-0.3087050993125411,-0.8328692917341999
R016,1550386800,10,9,-1,19,7,-0.2429315334475989,-0.9719924962807299
R016,1550401200,35,83,48,118,7,-0.10864383647334197,-0.7498441535370771
R016,1550415600,94,151,57,245,7,-0.08397874927398866,-0.4648659764820882
R016,1550430000,112,153,41,265,7,-0.1278277931839501,-0.41998752340256246
R016,1550444400,72,71,-1,143,7,-0.2429315334475989,-0.6937460871876698
R016,1550458800,23,18,-5,41,7,-0.2538937944250893,-0.9226261978932515
R016,1550473200,9,43,34,52,7,-0.14701174989455826,-0.8979430486995124
R016,1550487600,68,230,162,298,7,0.20378060138513338,-0.34593807582134484
R016,1550502000,156,192,36,348,7,-0.14153061940581307,-0.2337419431225303
R016,1550516400,291,182,-109,473,7,-0.5389125798398388,0.04674838862450601
R016,1550530800,115,106,-9,221,7,-0.26485605540257967,-0.5187201201775192
R016,1550545200,38,9,-29,47,8,-0.3631957821569745,-1.1922422462005355
R016,1550559600,12,112,100,124,8,-0.08548421348372358,-1.0389930515856236
R016,1550574000,120,1176,1056,1296,8,1.9725953186994383,1.29357910541018
R016,1550588400,273,391,118,664,8,-0.04673376204094438,0.0357415599994736
R016,1550602800,863,410,-453,1273,8,-1.275984193920218,1.2478033719537778
R016,1550617200,261,128,-133,389,8,-0.5870872793819211,-0.5115769921966408
R016,1550631600,65,14,-51,79,8,-0.4105574450314824,-1.128554269217715
R016,1550646000,14,129,115,143,8,-0.05319217061474091,-1.001178315252074
R016,1550660400,120,1245,1125,1365,8,2.1211387158967585,1.430906305779387
R016,1550674800,250,433,183,683,8,0.09319842372464716,0.07355629633302332
R016,1550689200,737,459,-278,1196,8,-0.8992436937820868,1.0945541773388656
R016,1550703600,270,136,-134,406,8,-0.5892400822398532,-0.4777427544245173
R016,1550718000,62,16,-46,78,8,-0.3997934307418215,-1.1305445184984282
R016,1550732400,12,124,112,136,8,-0.059650579188537445,-1.015110060217066
R016,1550746800,137,1283,1146,1420,8,2.1663475759133344,1.5403700162186098
R016,1550761200,218,424,206,642,8,0.14271288945708727,-0.008043924176215545
R016,1550775600,829,467,-362,1296,8,-1.0800791338483897,1.29357910541018
R016,1550790000,284,153,-131,437,8,-0.5827816736660567,-0.41604502672240984
R016,1550804400,77,29,-48,106,8,-0.40409903645768586,-1.0748175386384602
R016,1550818800,13,109,96,122,8,-0.09409542491545228,-1.0429735501470498
R016,1550833200,127,1187,1060,1314,8,1.981206530131167,1.3294035924630165
R016,1550847600,246,465,219,711,8,0.17069932661020557,0.12928327619299132
R016,1550862000,813,416,-397,1229,8,-1.1554272338760159,1.1602324036023994
R016,1550876400,235,114,-121,349,8,-0.5612536450867349,-0.5911869634251664
R016,1551495600,8194,6733,-1461,14927,9,-3.224662226798161,4.102080414455118
R016,1551510000,9,26,17,35,9,0.08867447495289243,-0.32577589026828324
R016,1551524400,48,125,77,173,9,0.22318070100503265,-0.28474418397954904
R016,1551538800,110,190,80,300,9,0.22990601230763966,-0.24698312094571398
R016,1551553200,196,200,4,396,9,0.05953145930826206,-0.21843932526659454
R016,1551567600,85,105,20,190,9,0.09539978625549944,-0.279689553494705
R016,1551582000,35,29,-6,64,9,0.03711375496623869,-0.31715328532354925
R016,1551596400,6,12,6,18,9,0.06401500017666674,-0.3308305207531273
R016,1551610800,50,86,36,136,9,0.13126811320273685,-0.29574543856420965
R016,1551625200,117,168,51,285,9,0.16489466971577188,-0.2514430890205764
R016,1551639600,132,146,14,278,9,0.08194916365028543,-0.2535244074555122
R016,1551654000,59,41,-18,100,9,0.010212509755810648,-0.30644936194387945
R016,1551668400,18,18,0,36,9,0.05056437757145271,-0.3254785590632924
R016,1551682800,13,114,101,127,9,0.27698319142588873,-0.29842141940912714
R016,1551697200,109,1208,1099,1317,9,2.514270084759821,0.05540271452995748
R016,1551711600,190,336,146,526,9,0.37786286096499383,-0.179786268617787
R016,1551726000,739,319,-420,1058,9,-0.8909792047935288,-0.021606067562666812
R016,1551740400,269,117,-152,386,9,-0.29018472842730253,-0.22141263731650282
R016,1551754800,55,19,-36,74,10,-0.3586406242010449,-0.920928443385909
R016,1551769200,12,119,107,131,10,-0.001219244005442946,-0.8051123871951502
R016,1551783600,134,1262,1128,1396,10,2.5507194215869315,1.7651913159857229
R016,1551798000,235,435,200,670,10,0.2312296256322562,0.29006049502974357
R016,1551812400,793,488,-305,1281,10,-1.0309927310025617,1.53152734296928
R016,1551826800,296,114,-182,410,10,-0.723560355030121,-0.2382232700509102
R016,1551841200,72,26,-46,98,10,-0.3836351263126255,-0.8721637881476947
R016,1551855600,15,140,125,155,10,0.04377085979540205,-0.756347731956936
R016,1551870000,131,1271,1140,1402,10,2.580712824120828,1.7773824797952764
R016,1551884400,266,479,213,745,10,0.26372247837731094,0.44245004264916293
R016,1551898800,893,461,-432,1354,10,-1.3484229078196348,1.679853169318848
R016,1551913200,285,139,-146,424,10,-0.633580147428431,-0.2097772211619519
R016,1551927600,75,20,-55,95,10,-0.406130178213048,-0.8782593700524715
R016,1551942000,18,117,99,135,10,-0.02121484569470739,-0.7969849446554478
R016,1551956400,131,1259,1128,1390,10,2.5507194215869315,1.7530001521761693
R016,1551970800,303,428,125,731,10,0.04377085979540205,0.41400399376020464
R016,1551985200,894,531,-363,1425,10,-1.175960843249729,1.8241152743985651
R016,1551999600,317,156,-161,473,10,-0.6710719005958018,-0.11021605005059794
R016,1552014000,83,23,-60,106,10,-0.4186274292688382,-0.8559089030682899
R016,1552028400,14,105,91,119,10,-0.04121044738397183,-0.8294947148142573
R016,1552042800,128,1120,992,1248,10,2.210794192869436,1.4644759420167355
R016,1552057200,250,405,155,655,10,0.11875436613014372,0.25958258550585966
R016,1552071600,789,424,-365,1213,10,-1.1809597436720451,1.3933608197943397
R016,1552086000,221,135,-86,356,10,-0.4836131347589477,-0.3479437443368921
R016,1552100400,78,37,-41,115,10,-0.37113787525683517,-0.8376221573539596
R016,1552114800,11,35,24,46,10,-0.20867361153156155,-0.9778205411638254
R016,1552129200,61,128,67,189,10,-0.10119725245176517,-0.6872644703694659
R016,1552143600,126,146,20,272,10,-0.21867141237619378,-0.5186200376706418
R016,1552158000,160,226,66,386,10,-0.10369670266292322,-0.28698792528912437
R016,1552172400,93,110,17,203,10,-0.22616976300966793,-0.6588184214805076
R016,1552190400,51,38,-13,89,10,-0.3011532693444096,-0.890450533862025
R016,1552204800,11,24,13,35,10,-0.23616756385430016,-1.0001710081480069
R016,1552219200,44,104,60,148,10,-0.11869340392987156,-0.7705707564014151
R016,1552233600,77,152,75,229,10,-0.08120165076250072,-0.6059900449724422
R016,1552248000,101,116,15,217,10,-0.23116866343198406,-0.6303723725915493
R016,1552262400,64,45,-19,109,10,-0.3161499706113579,-0.8498133211635132
R016,1552276800,8,8,0,16,10,-0.26866041659935486,-1.0387763602115931
R016,1552291200,25,297,272,322,10,0.41119004083563615,-0.41702700592436226
R016,1552305600,127,1141,1014,1268,10,2.265782097514913,1.5051131547152472
R016,1552320000,262,347,85,609,10,-0.05620714865092016,0.16611699629928248
R016,1552334400,896,382,-514,1278,10,-1.5533778251345953,1.5254317610645032
R016,1552348800,200,71,-129,271,11,-0.613420826151064,-0.5294605810196151
R016,1552363200,38,16,-22,54,11,-0.32989586546785077,-0.9938532030398992
R016,1552377600,44,317,273,361,11,0.4517851009017555,-0.3368553460803268
R016,1552392000,158,1190,1032,1348,11,2.462957485561183,1.7753820637538684
R016,1552406400,275,430,155,705,11,0.13911271435391298,0.39932466302095304
R016,1552420800,915,440,-475,1355,11,-1.5302398578930427,1.790362470915813
R016,1552435200,182,102,-80,284,11,-0.4835822927540785,-0.5016398248617179
R016,1552449600,37,9,-28,46,11,-0.34579446139401226,-1.0109736683678359
R016,1552464000,36,307,271,343,11,0.4464855689263683,-0.37537639306818443
R016,1552478400,152,1156,1004,1308,11,2.388764037905763,1.6897797371141847
R016,1552492800,307,453,146,760,11,0.11526482046467076,0.5170278621505181
R016,1552507200,895,438,-457,1333,11,-1.4825440701145585,1.7432811912639872
R016,1552521600,175,93,-82,268,11,-0.4888818247294656,-0.5358807555175914
R016,1552536000,44,9,-35,53,11,-0.3643428233078673,-0.9959932612058913
R016,1552550400,31,300,269,331,11,0.4411860369509812,-0.4010570910600896
R016,1552564800,159,1137,978,1296,11,2.31987012222573,1.6640990391222796
R016,1552579200,323,475,152,798,11,0.13116341639083223,0.5983500724582176
R016,1552593600,831,440,-391,1271,11,-1.307659514926782,1.6105975849724774
R016,1552608000,192,105,-87,297,11,-0.5021306546679335,-0.47381906870382073
R016,1552622400,62,19,-43,81,11,-0.385540951209416,-0.9360716325581127
R016,1552636800,34,295,261,329,11,0.4199879090494325,-0.40533720739207374
R016,1552651200,164,1110,946,1274,11,2.2350776106195354,1.6170177594704536
R016,1552665600,298,413,115,711,11,0.03312207484616976,0.4121650120169056
R016,1552680000,787,360,-427,1147,11,-1.403051090483751,1.3452303723894579
R016,1552694400,168,110,-58,278,11,-0.4252874410248197,-0.5144801738576704
R016,1552708800,39,24,-15,63,11,-0.3113475035539957,-0.9745926795459704
R016,1552723200,13,43,30,56,11,-0.1921080341077846,-0.989573086707915
R016,1552737600,81,127,46,208,11,-0.14971177830468732,-0.664284245477117
R016,1552752000,183,202,19,385,11,-0.221255459972414,-0.28549395009651657
R016,1552766400,158,198,40,356,11,-0.1656103742308488,-0.34755563691028724
R016,1552780800,90,64,-26,154,11,-0.34049492941862514,-0.77984738644069
R016,1552795200,30,21,-9,51,11,-0.29544890762783427,-1.0002733775378754
R016,1552809600,11,24,13,35,11,-0.23715405589857547,-1.034514308193749
R016,1552824000,68,95,27,163,11,-0.20005733207086535,-0.7605868629467611
R016,1552838400,91,124,33,215,11,-0.18415873614470385,-0.6493038383151722
R016,1552852800,125,101,-24,226,11,-0.33519539744323795,-0.6257631984892593
R016,1552867200,61,44,-17,105,11,-0.3166470355293829,-0.8847102365743025
R016,1552881600,8,14,6,22,11,-0.2557024178124305,-1.062335064351646
R016,1552896000,33,311,278,344,11,0.46503393084022343,-0.3732363349021924
R016,1552910400,132,1126,994,1258,11,2.3622663780288273,1.5827768288145803
R016,1552924800,279,380,101,659,11,-0.003974648981540371,0.30088198738531674
R016,1552939200,825,346,-479,1171,11,-1.5408389218438172,1.396591768373268
R016,1552953600,214,95,-119,309,12,-0.5738077987473388,-0.537493175827885
R016,1552968000,59,17,-42,76,12,-0.37599366153926994,-1.0603988541907128
R016,1552982400,38,316,278,354,12,0.4460910645202368,-0.4365028087621029
R016,1552996800,162,1147,985,1309,12,2.2623845061579595,1.7067372034117185
R016,1553011200,266,394,128,660,12,0.06073884917984301,0.25023168728521583
R016,1553025600,847,370,-477,1217,12,-1.493515086026412,1.500268008521675
R016,1553040000,230,106,-124,336,12,-0.5866528725920186,-0.4768989555884158
R016,1553054400,55,17,-38,72,12,-0.36571760246352614,-1.0693757757076712
R016,1553068800,38,309,271,347,12,0.42810796113768507,-0.45221242141678014
R016,1553083200,138,1151,1013,1289,12,2.3343169196881663,1.6618525958269266
R016,1553097600,261,426,165,687,12,0.15579239563047348,0.3108259075246851
R016,1553112000,883,427,-456,1310,12,-1.4395657758787568,1.7089814337909581
R016,1553126400,217,105,-112,322,12,-0.5558246953647871,-0.5083181808977703
R016,1553140800,51,16,-35,67,12,-0.35801055815671823,-1.0805969276038692
R016,1553155200,40,332,292,372,12,0.4820572712853402,-0.39610666193579
R016,1553169600,154,1189,1035,1343,12,2.3908352446047574,1.783041036305865
R016,1553184000,314,418,104,732,12,-0.0009175052746199957,0.41181627459046727
R016,1553198400,819,457,-362,1276,12,-1.1980783875987768,1.6326776008968116
R016,1553212800,229,110,-119,339,12,-0.5738077987473388,-0.470166264450697
R016,1553227200,58,19,-39,77,12,-0.3682866172324621,-1.0581546238114732
R016,1553241600,26,325,299,351,12,0.500040374667892,-0.44323549989982175
R016,1553256000,144,1290,1146,1434,12,2.6759958839566487,1.9872660008166692
R016,1553270400,285,458,173,743,12,0.17634451378196114,0.4365028087621029
R016,1553284800,733,387,-346,1120,12,-1.1569741512958014,1.2825776617354334
R016,1553299200,203,134,-69,337,12,-0.44535706030054084,-0.4746547252091762
R016,1553313600,74,28,-46,102,12,-0.3862697206150138,-1.002048864330483
R016,1553328000,22,66,44,88,12,-0.1550583914107775,-1.0334680896398374
R016,1553342400,122,191,69,313,12,-0.09083302218737854,-0.5285162543109266
R016,1553356800,252,258,6,510,12,-0.25268095263034396,-0.08640286960072474
R016,1553371200,276,257,-19,533,12,-0.3169063218537429,-0.03478557087821386
R016,1553385600,168,117,-51,285,12,-0.39911479445969356,-0.5913547049296356
R016,1553400000,42,23,-19,65,12,-0.3169063218537429,-1.0850853883623484
R016,1553414400,13,26,13,39,12,-0.23469784924779222,-1.1434353782225781
R016,1553428800,103,123,20,226,12,-0.2167147458652405,-0.7237642973047722
R016,1553443200,178,198,20,376,12,-0.2167147458652405,-0.38712974041883164
R016,1553457600,209,194,-15,403,12,-0.30663026277799904,-0.3265355201793623
R016,1553472000,116,78,-38,194,12,-0.36571760246352614,-0.7955796694404395
R016,1553486400,14,12,-2,26,12,-0.2732330707818316,-1.172610373152693
R016,1553500800,27,321,294,348,12,0.4871953008232121,-0.44996819103754054
R016,1553515200,141,1101,960,1242,12,2.1981591369345606,1.5563737680026652
R016,1553529600,266,358,92,624,12,-0.031745682501851495,0.16943939363259009
R016,1553544000,840,344,-496,1184,12,-1.5423263666361953,1.4262084060067681
R016,1553558400,224,96,-128,320,13,-0.6178036016937871,-0.4637828468013092
R016,1553572800,40,14,-26,54,13,-0.3512439653098427,-1.044199780201581
R016,1553587200,38,324,286,362,13,0.4641149224528108,-0.37213806784337156
R016,1553601600,138,1182,1044,1320,13,2.4450188869531035,1.7182356998162542
R016,1553616000,293,447,154,740,13,0.11915539301476508,0.4526649427780674
R016,1553630400,885,426,-459,1311,13,-1.4828157550573715,1.698597532896696
R016,1553644800,261,90,-171,351,13,-0.730176781737999,-0.39614027185616474
R016,1553659200,52,17,-35,69,13,-0.3747639332260731,-1.0114695020023177
R016,1553673600,35,329,294,364,13,0.4850215606005711,-0.3677740307501364
R016,1553688000,156,1205,1049,1361,13,2.4580855357954534,1.8076984602275743
R016,1553702400,324,435,111,759,13,0.006782212970553225,0.4941232951638011
R016,1553716800,843,400,-443,1243,13,-1.4410024787618507,1.5502202717267017
R016,1553731200,228,133,-95,361,13,-0.5315637193342757,-0.3743200863899891
R016,1553745600,65,21,-44,86,13,-0.39828390114230344,-0.974375186709819
R016,1553760000,33,294,261,327,13,0.3987816782410597,-0.4485087169749863
R016,1553774400,145,1170,1025,1315,13,2.3953656213521723,1.7073256070831664
R016,1553788800,313,422,109,735,13,0.0015555534336131386,0.44175485004497955
R016,1553803200,859,370,-489,1229,13,-1.5612156481114727,1.519672012074056
R016,1553817600,212,136,-76,348,13,-0.48191045373334485,-0.40268632749601746
R016,1553832000,58,19,-39,77,13,-0.38521725229995324,-0.9940133536293771
R016,1553846400,35,260,225,295,13,0.30470180657613816,-0.5183333104667484
R016,1553860800,142,1047,905,1189,13,2.0817660491357675,1.4323912702093533
R016,1553875200,308,417,109,725,13,0.0015555534336131386,0.41993466457880396
R016,1553889600,755,408,-347,1163,13,-1.1901228209887267,1.3756587879972968
R016,1553904000,166,128,-38,294,13,-0.3826039225314832,-0.5205153290133658
R016,1553918400,62,30,-32,92,13,-0.36692394392066296,-0.9612830754301137
R016,1553932800,15,52,37,67,13,-0.18660418989622996,-1.0158335390955529
R016,1553947200,80,158,78,238,13,-0.0794576693889582,-0.6427083676239495
R016,1553961600,140,208,68,348,13,-0.10559096707365863,-0.40268632749601746
R016,1553976000,166,210,44,376,13,-0.16831088151693965,-0.34158980819072565
R016,1553990400,96,128,32,224,13,-0.1996708387385802,-0.6732566272765953
R016,1554004800,36,16,-20,52,13,-0.33556398669902243,-1.0485638172948162
R016,1554019200,13,30,17,43,13,-0.23887078526563083,-1.0682019842143742
R016,1554033600,59,135,76,194,13,-0.08468432892589828,-0.7387171836751222
R016,1554048000,102,177,75,279,13,-0.08729765869436833,-0.5532456072126293
R016,1554062400,115,135,20,250,13,-0.2310307959602207,-0.6165241450645387
R016,1554076800,69,51,-18,120,13,-0.33033732716208236,-0.9001865561248219
R016,1554091200,11,9,-2,20,13,-0.28852405086656163,-1.1183884107865782
R016,1554105600,28,321,293,349,13,0.48240823083210105,-0.40050430894939987
R016,1554120000,147,1169,1022,1316,13,2.3875256320467626,1.7095076256297839
R016,1554134400,266,417,151,683,13,0.11131540370935494,0.3282898856208663
R016,1554148800,894,424,-470,1318,13,-1.511562382510542,1.713871662723019
R016,1554163200,158,96,-62,254,14,-0.4126731444168127,-0.6684561009387315
R016,1554177600,45,12,-33,57,14,-0.3373718875030033,-1.0958423755053852
R016,1554192000,34,330,296,364,14,0.5169078892088346,-0.4298140186933919
R016,1554206400,159,1206,1047,1365,14,2.466950783769899,1.7418289297391985
R016,1554220800,278,387,109,665,14,0.03134461186806352,0.22319749726885557
R016,1554235200,894,394,-500,1288,14,-1.5499817833219343,1.5747794721674608
R016,1554249600,194,101,-93,295,14,-0.49316759146260897,-0.5795076884654685
R016,1554264000,108,23,-85,131,14,-0.47239483093466156,-0.9353013383585204
R016,1554278400,43,332,289,375,14,0.4987317237468805,-0.405949810468858
R016,1554292800,153,1202,1049,1355,14,2.472143973901886,1.7201341949896223
R016,1554307200,317,455,138,772,14,0.10664586878187293,0.45533115908932226
R016,1554321600,883,453,-430,1336,14,-1.3682201287023943,1.6789141989654273
R016,1554336000,192,110,-82,302,14,-0.46460504573668127,-0.5643213741407651
R016,1554350400,68,14,-54,82,14,-0.3919003838888653,-1.0416055386314444
R016,1554364800,33,341,308,374,14,0.5480670300007556,-0.4081192839438156
R016,1554379200,221,1152,931,1373,14,2.1657457561146614,1.7591847175388595
R016,1554393600,316,452,136,768,14,0.10145267864988608,0.4466532651894917
R016,1554408000,856,414,-442,1270,14,-1.3993792694943152,1.5357289496182234
R016,1554422400,206,128,-78,334,14,-0.45421866547270756,-0.4948982229421209
R016,1554436800,45,15,-30,60,14,-0.329582102305023,-1.0893339550805123
R016,1554451200,24,294,270,318,14,0.4493964174930054,-0.529609798541443
R016,1554465600,160,1158,998,1318,14,2.339717625536221,1.6398636764161898
R016,1554480000,342,443,101,785,14,0.010571851340116095,0.4835343142637715
R016,1554494400,824,454,-370,1278,14,-1.2124244247427884,1.5530847374178844
R016,1554508800,220,129,-91,349,14,-0.48797440133062214,-0.4623561208177564
R016,1554523200,82,27,-55,109,14,-0.3944969789548587,-0.9830297548075883
R016,1554537600,25,70,45,95,14,-0.13483747235551588,-1.0134023834569952
R016,1554552000,138,191,53,329,14,-0.11406471182756844,-0.505745590316909
R016,1554566400,253,257,4,510,14,-0.24129787006124642,-0.11307089134957751
R016,1554580800,286,258,-28,544,14,-0.3243889121730361,-0.039308793201018
R016,1554595200,164,141,-23,305,14,-0.311405936843069,-0.5578129537158922
R016,1554609600,44,27,-17,71,14,-0.2958263664471084,-1.0654697468559784
R016,1554624000,22,27,5,49,14,-0.23870127499525298,-1.1131981633050463
R016,1554638400,100,153,53,253,14,-0.11406471182756844,-0.6706255744136892
R016,1554652800,203,194,-9,397,14,-0.275053605919161,-0.35822139401979003
R016,1554667200,202,194,-8,396,14,-0.27245701085316754,-0.36039086749474764
R016,1554681600,112,67,-45,179,14,-0.36853102829492446,-0.8311666115605539
R016,1554696000,14,15,1,29,14,-0.24908765525922671,-1.1565876328041989
R016,1554710400,39,320,281,359,14,0.4779589632189331,-0.44066138606818006
R016,1554724800,154,1141,987,1295,14,2.3111550798102933,1.5899657864921641
R016,1554739200,257,295,38,552,14,-0.15301363781746988,-0.02195300540135694
R016,1554753600,901,368,-533,1269,14,-1.6356694204997173,1.5335594761432658
R016,1554768000,206,87,-119,293,15,-0.5625625310782111,-0.5105072415653907
R016,1554782400,55,12,-43,67,15,-0.38183592085260215,-0.9637184964231057
R016,1554796800,38,286,248,324,15,0.3101567577744002,-0.44834109598756255
R016,1554811200,169,1020,851,1189,15,1.744079731011797,1.2862949015873202
R016,1554825600,284,470,186,754,15,0.16272189153771927,0.41396350396295717
R016,1554840000,915,370,-545,1285,15,-1.5755827410270187,1.4788094169251107
R016,1554854400,187,86,-101,273,15,-0.5197588602353037,-0.5506144322607638
R016,1554868800,43,10,-33,53,15,-0.3580561037176536,-0.9917935299098668
R016,1554883200,40,350,310,390,15,0.45759162401108117,-0.3159873666928316
R016,1554897600,152,1226,1074,1378,15,2.2743696531211492,1.665307853658595
R016,1554912000,293,401,108,694,15,-0.02276068211487931,0.2936419318768381
R016,1554926400,877,422,-455,1299,15,-1.3615643868124818,1.5068844504118717
R016,1554940800,186,101,-85,287,15,-0.48171115281938603,-0.5225393987740026
R016,1554955200,45,14,-31,59,15,-0.3533001402906639,-0.979761372701255
R016,1554969600,24,300,276,324,15,0.3767402457522561,-0.44834109598756255
R016,1554984000,151,1184,1033,1335,15,2.1768724028678603,1.5790773936635432
R016,1554998400,318,489,171,807,15,0.12705216583529647,0.5202475593056957
R016,1555012800,877,409,-468,1286,15,-1.392478149087915,1.4808147764598794
R016,1555027200,206,94,-112,300,15,-0.5459166590837471,-0.4964697248220102
R016,1555041600,50,13,-37,63,15,-0.36756803057163306,-0.9717399345621803
R016,1555056000,27,265,238,292,15,0.2863769406394517,-0.5125126011001594
R016,1555070400,160,1083,923,1243,15,1.9152944143834265,1.3945843164648273
R016,1555084800,281,477,196,758,15,0.1865017086726678,0.4219849421020318
R016,1555099200,810,385,-425,1195,15,-1.2902249354076363,1.2983270587959321
R016,1555113600,145,119,-26,264,15,-0.3414102317231897,-0.5686626680736816
R016,1555128000,47,17,-30,64,15,-0.3509221585771691,-0.9697345750274117
R016,1555142400,16,70,54,86,15,-0.15117169464360142,-0.9256166652625014
R016,1555156800,94,147,53,241,15,-0.15354967635709627,-0.6147859373733605
R016,1555171200,163,212,49,375,15,-0.16306160321107568,-0.3460677597143614
R016,1555185600,167,196,29,363,15,-0.21062123748097275,-0.37013207413158516
R016,1555200000,124,115,-9,239,15,-0.30098454259377716,-0.6187966564428978
R016,1555214400,28,21,-7,49,15,-0.29622857916678746,-0.9998149680489414
R016,1555228800,18,32,14,50,15,-0.24629096318339555,-0.9978096085141728
R016,1555243200,92,131,39,223,15,-0.18684142034602422,-0.6508824089991962
R016,1555257600,123,168,45,291,15,-0.17257353006505508,-0.514517960634928
R016,1555272000,134,125,-9,259,15,-0.30098454259377716,-0.5786894657475249
R016,1555286400,69,56,-13,125,15,-0.31049646944775655,-0.847407643406524
R016,1555300800,13,11,-2,24,15,-0.2843386705993132,-1.0499489564181577
R016,1555315200,34,396,362,430,15,0.5812466731128135,-0.2357729853020856
R016,1555329600,192,1751,1559,1943,15,3.427690784166153,2.798335990802883
R016,1555344000,261,430,169,691,15,0.12229620240830676,0.2876258532725322
R016,1555358400,916,417,-499,1333,15,-1.4661955822062553,1.5750666745940058
R016,1555372800,157,97,-60,254,16,-0.5026073482370812,-0.5635488057879912
R016,1555387200,38,15,-23,53,16,-0.390564338746273,-1.011395837555121
R016,1555401600,32,328,296,360,16,0.5754280944312359,-0.3273707691346789
R016,1555416000,202,1148,946,1350,16,2.543751234134624,1.8784429694198417
R016,1555430400,323,397,74,720,16,-0.09682996251361357,0.4747433176124195
R016,1555444800,865,434,-431,1299,16,-1.6260656325908611,1.7648101404640026
R016,1555459200,178,81,-97,259,16,-0.6146503577278895,-0.5524083323609481
R016,1555473600,45,11,-34,56,16,-0.4238744226489457,-1.0047115534988953
R016,1555488000,39,280,241,319,16,0.40887767491787225,-0.41872265123643176
R016,1555502400,175,1252,1077,1427,16,2.940444051520999,2.0500062601963043
R016,1555516800,349,494,145,843,16,0.11817148813091034,0.7487989639176781
R016,1555531200,883,450,-433,1333,16,-1.632122011482256,1.8405653597678953
R016,1555545600,179,98,-81,277,16,-0.5661993265967291,-0.5123026280235932
R016,1555560000,36,12,-24,48,16,-0.39359252819197055,-1.0225363109821641
R016,1555574400,35,294,259,329,16,0.4633850849404276,-0.39644170438234566
R016,1555588800,190,1108,918,1298,16,2.4589619296550933,1.7625820457785941
R016,1555603200,357,424,67,781,16,-0.11802728863349621,0.6106570934223445
R016,1555617600,832,448,-384,1280,16,-1.4837407286430777,1.7224763414412392
R016,1555632000,184,120,-64,304,16,-0.5147201060198713,-0.45214407151756086
R016,1555646400,48,19,-29,67,16,-0.4087334754204581,-0.9802025119594006
R016,1555660800,27,174,147,201,16,0.12422786702230539,-0.6816378241146474
R016,1555675200,159,606,447,765,16,1.0326847007315614,0.5750075784558067
R016,1555689600,290,373,83,663,16,-0.06957625750233588,0.3477419205441289
R016,1555704000,428,351,-77,779,16,-0.554086568813939,0.6062009040515273
R016,1555718400,135,118,-17,253,16,-0.37239520207208787,-0.5657769004733998
R016,1555732800,34,20,-14,54,16,-0.36331063373499534,-1.0091677428697126
R016,1555747200,20,55,35,75,16,-0.21492935089581686,-0.9623777544761317
R016,1555761600,99,298,199,397,16,0.2816937181985764,-0.24493126577456042
R016,1555776000,187,264,77,451,16,-0.08774539417652101,-0.12461415276249567
R016,1555790400,148,190,42,338,16,-0.1937320247759342,-0.3763888522136682
R016,1555804800,98,97,-1,195,16,-0.3239441709409276,-0.6950063922270989
R016,1555819200,39,14,-25,53,16,-0.39662071763766804,-1.011395837555121
R016,1555833600,8,31,23,39,16,-0.2512676242441871,-1.0425891631508415
R016,1555848000,73,151,78,224,16,-0.08471720473082349,-0.6303916463502494
R016,1555862400,98,191,93,289,16,-0.03929436304536069,-0.48556549179868996
R016,1555876800,91,179,88,270,16,-0.05443531027384829,-0.5278992908214535
R016,1555891200,53,60,7,113,16,-0.2997186553753474,-0.8777101564306047
R016,1555905600,8,11,3,19,16,-0.3118314131581375,-1.0871510568590137
R016,1555920000,22,266,244,288,16,0.41796224325496484,-0.48779358648409854
R016,1555934400,158,1070,912,1228,16,2.440792792980908,1.6066154177999916
R016,1555948800,279,408,129,687,16,0.06972045699975002,0.40121619299393546
R016,1555963200,819,434,-385,1253,16,-1.4867689180887753,1.6623177849352069
R016,1555977600,183,87,-96,270,17,-0.5641870836077876,-0.5663555486862472
R016,1555992000,37,12,-25,49,17,-0.37567140404141136,-1.0416053751954233
R016,1556006400,38,330,292,368,17,0.46601127796621195,-0.3556112817274269
R016,1556020800,163,1158,995,1321,17,2.332582020714979,1.6937691918619169
R016,1556035200,271,325,54,596,17,-0.16591452114361244,0.13469170670737937
R016,1556049600,835,431,-404,1266,17,-1.3819734118675604,1.5754943481605381
R016,1556064000,176,108,-68,284,17,-0.4898428719478082,-0.536249224834987
R016,1556078400,38,11,-27,49,17,-0.380981704874267,-1.0416053751954233
R016,1556092800,32,304,272,336,17,0.4129082696376553,-0.4244257362445927
R016,1556107200,152,1174,1022,1326,17,2.4042710819585307,1.704521450380224
R016,1556121600,287,443,156,730,17,0.10491082133202662,0.4228522349980111
R016,1556136000,918,376,-542,1294,17,-1.7483841693346014,1.6357069958630581
R016,1556150400,171,126,-45,297,17,-0.428774412369968,-0.5082933526873885
R016,1556179200,64,309,245,373,17,0.3412192083941038,-0.3448590232091197
R016,1556193600,165,1154,989,1319,17,2.316651118216412,1.689468288454594
R016,1556208000,338,407,69,745,17,-0.12608726489719493,0.45510901055293257
R016,1556222400,849,443,-406,1292,17,-1.387283712700416,1.6314060924557352
R016,1556236800,165,114,-51,279,17,-0.44470531486853504,-0.5470014833532942
R016,1556251200,45,17,-28,62,17,-0.38363685529069486,-1.0136495030478248
R016,1556265600,29,267,238,296,17,0.322633155479109,-0.5104438043910499
R016,1556280000,138,1099,961,1237,17,2.2423069065564327,1.5131312487543567
R016,1556294400,294,459,165,753,17,0.1288071750798771,0.47231262418222403
R016,1556308800,740,527,-213,1267,17,-0.8748396823298441,1.5776447998641996
R016,1556323200,168,105,-63,273,17,-0.476567119865669,-0.5599041935752628
R016,1556337600,53,22,-31,75,17,-0.39160230653997835,-0.9856936309002261
R016,1556352000,14,54,40,68,17,-0.2030866269736021,-1.0007467928258562
R016,1556366400,90,155,65,245,17,-0.13670786656290626,-0.6201168412777829
R016,1556380800,134,232,98,366,17,-0.049087902820787746,-0.35991218513474976
R016,1556395200,148,203,55,351,17,-0.1632593707271846,-0.3921689606896712
R016,1556409600,81,125,44,206,17,-0.19246602530789078,-0.7039844577205787
R016,1556424000,30,21,-9,51,17,-0.33318899737856594,-1.0373044717881006
R016,1556438400,10,25,15,35,17,-0.2694653873842979,-1.0717116990466833
R016,1556452800,81,125,44,206,17,-0.19246602530789078,-0.7039844577205787
R016,1556467200,121,158,37,279,17,-0.2110520782228856,-0.5470014833532942
R016,1556481600,103,158,55,261,17,-0.1632593707271846,-0.5857096140192
R016,1556496000,60,55,-5,115,17,-0.3225683957128546,-0.8996755627537689
R016,1556510400,10,9,-1,19,17,-0.3119477940471433,-1.1061189263052662
R016,1556524800,33,311,278,344,17,0.4288391721362223,-0.4072221226153012
R016,1556539200,134,1160,1026,1294,17,2.414891683624242,1.6357069958630581
R016,1556553600,275,346,71,621,17,-0.12077696406433926,0.18845299929891512
R016,1556568000,873,377,-496,1250,17,-1.6262472501789211,1.5410871209019552
R016,1556582400,191,87,-104,278,18,-0.5458683980045207,-0.5192411144538585
R016,1556596800,45,26,-19,71,18,-0.32104719578069296,-0.9570958427818745
R016,1556611200,43,310,267,353,18,0.4354100258194804,-0.36059809694370776
R016,1556625600,171,1150,979,1321,18,2.318618213859073,1.6869544490539712
R016,1556640000,304,414,110,718,18,0.020152040535469158,0.4114645882723592
R016,1556654400,904,415,-489,1319,18,-1.5641761963124465,1.6827239685870339
R016,1556668800,190,100,-90,290,18,-0.5088390235205962,-0.49385823165223436
R016,1556683200,41,20,-21,61,18,-0.32633710642125363,-0.9782482451165613
R016,1556697600,40,310,270,350,18,0.4433448917803214,-0.36694381764411377
R016,1556712000,170,1143,973,1313,18,2.3027484819373907,1.6700325271862217
R016,1556726400,338,456,118,794,18,0.04131168309771177,0.5722228460159786
R016,1556740800,901,402,-499,1303,18,-1.5906257495152498,1.648880124851535
R016,1556755200,191,96,-95,287,18,-0.5220638001219978,-0.5002039523526404
R016,1556769600,41,23,-18,64,18,-0.31840224046041266,-0.9719025244161553
R016,1556784000,34,297,263,331,18,0.4248302045383591,-0.40713338208001865
R016,1556798400,145,1224,1079,1369,18,2.5831137458871054,1.7884859802604678
R016,1556812800,294,426,132,720,18,0.07834105758163634,0.41569506873929657
R016,1556827200,877,474,-403,1351,18,-1.3367100387683384,1.7504116560580316
R016,1556841600,202,83,-119,285,18,-0.5855427278087256,-0.5044344328195778
R016,1556856000,33,32,-1,65,18,-0.2734380000156471,-0.9697872841826866
R016,1556870400,28,305,277,333,18,0.4618595790222837,-0.4029029016130813
R016,1556884800,155,1100,945,1255,18,2.2286897329695416,1.5473485936450386
R016,1556899200,326,406,80,732,18,-0.05919661907294064,0.4410779515409207
R016,1556913600,812,405,-407,1217,18,-1.3472898600494598,1.4669694647732288
R016,1556928000,150,74,-76,224,18,-0.47180964903667155,-0.633464087061167
R016,1556942400,44,28,-16,72,18,-0.313112329819852,-0.9549806025484059
R016,1556956800,12,50,38,62,18,-0.17028474252471434,-0.9761330048830926
R016,1556971200,90,138,48,228,18,-0.14383518932191108,-0.6250031261272924
R016,1556985600,130,208,78,338,18,-0.06448652971350129,-0.39232670044573786
R016,1557000000,139,209,70,348,18,-0.0856461722757439,-0.3711742981110511
R016,1557014400,92,67,-25,159,18,-0.3369169277023749,-0.770954702236631
R016,1557028800,26,22,-4,48,18,-0.2813728659764881,-1.005746368151654
R016,1557043200,8,35,27,43,18,-0.19937925104779794,-1.0163225693189974
R016,1557057600,51,113,62,164,18,-0.10680581483798651,-0.7603785010692876
R016,1557072000,122,152,30,274,18,-0.19144438508695696,-0.5277020753877332
R016,1557086400,123,115,-8,238,18,-0.29195268725760937,-0.6038507237926055
R016,1557100800,51,44,-7,95,18,-0.28930773193732906,-0.9063300771786263
R016,1557115200,9,19,10,28,18,-0.24434349149256349,-1.0480511728210276
R016,1557129600,33,330,297,363,18,0.5147586854278902,-0.33944569460902096
R016,1557144000,133,1105,972,1238,18,2.3001035266171104,1.511389509676071
R016,1557158400,275,320,45,595,18,-0.15177005528275206,0.151290039555712
R016,1557172800,879,410,-469,1289,18,-1.51127708990684,1.6192667615829737
R016,1557187200,169,107,-62,276,19,-0.49780798424870176,-0.523861227468339
R016,1557201600,39,20,-19,59,19,-0.38103421888266004,-0.9833426274439372
R016,1557216000,36,317,281,353,19,0.4336664697176313,-0.3608194403802235
R016,1557230400,158,1198,1040,1356,19,2.494859211876368,1.7629586433779563
R016,1557244800,296,416,120,712,19,-0.003556233164525083,0.39933642409553577
R016,1557259200,885,406,-479,1291,19,-1.6302419414031069,1.6253259659659107
R016,1557273600,173,109,-64,282,19,-0.5032393221727037,-0.5111566726303041
R016,1557288000,38,25,-13,63,19,-0.3647402051106542,-0.9748729242185805
R016,1557302400,32,319,287,351,19,0.44996048348963713,-0.3650542919929018
R016,1557316800,153,1161,1008,1314,19,2.407957805092337,1.6740267595117115
R016,1557331200,306,467,161,773,19,0.10778619427751472,0.5284993982822247
R016,1557345600,879,404,-475,1283,19,-1.619379265555103,1.6083865595151974
R016,1557360000,183,108,-75,291,19,-0.5331116807547144,-0.49209984037325155
R016,1557374400,39,28,-11,67,19,-0.3593088671866522,-0.966403220993224
R016,1557388800,32,324,292,356,19,0.463538828299642,-0.354467162961206
R016,1557403200,166,1155,989,1321,19,2.3563600948143186,1.6888487401560857
R016,1557417600,331,465,134,796,19,0.03446313230348851,0.5772001918280254
R016,1557432000,774,426,-348,1200,19,-1.2744893073809795,1.432640217589047
R016,1557446400,184,116,-68,300,19,-0.5141019980207076,-0.4730430081161991
R016,1557460800,42,23,-19,65,19,-0.38103421888266004,-0.9706380726059023
R016,1557475200,27,293,266,320,19,0.3929314352876167,-0.43069449198941584
R016,1557489600,174,1071,897,1245,19,2.1065185503102293,1.5279243788743093
R016,1557504000,307,426,119,733,19,-0.006271902126526054,0.4438023660286582
R016,1557518400,729,444,-285,1173,19,-1.1034021627749182,1.3754697208178897
R016,1557532800,152,116,-36,268,19,-0.42720059123667653,-0.5408006339190523
R016,1557547200,43,34,-9,77,19,-0.3538775292626503,-0.9452289629298323
R016,1557561600,12,61,49,73,19,-0.19636872946659403,-0.953698666155189
R016,1557576000,60,136,76,196,19,-0.1230456674925678,-0.693255291975472
R016,1557590400,121,197,76,318,19,-0.1230456674925678,-0.4349293436020942
R016,1557604800,132,164,32,296,19,-0.24253510182061053,-0.48151271134155577
R016,1557619200,82,91,9,173,19,-0.30499548794663284,-0.7419560855212727
R016,1557633600,26,27,1,53,19,-0.32672083964264065,-0.9960471822819722
R016,1557648000,8,27,19,35,19,-0.27783879832662317,-1.034160846796077
R016,1557662400,50,109,59,159,19,-0.1692120398465843,-0.771600046810021
R016,1557676800,85,140,55,225,19,-0.1800747156945882,-0.6318499435916363
R016,1557691200,107,136,29,243,19,-0.25068210870661345,-0.5937362790775313
R016,1557705600,59,54,-5,113,19,-0.34301485341464644,-0.8690016339016224
R016,1557720000,16,28,12,44,19,-0.29684848106062994,-1.0151040145390247
R016,1557734400,28,294,266,322,19,0.3929314352876167,-0.4264596403767375
R016,1557748800,150,1197,1047,1347,19,2.513868894610375,1.743901811120904
R016,1557763200,271,406,135,677,19,0.03717880126548948,0.3252265208736651
R016,1557777600,890,494,-396,1384,19,-1.4048414175570263,1.8222465659554528
R016,1557792000,203,73,-130,276,20,-0.6025155744863314,-0.5188168624230367
R016,1557806400,32,16,-16,48,20,-0.3005008581294894,-1.010230341608299
R016,1557820800,38,304,266,342,20,0.4465881770690144,-0.37656559213256613
R016,1557835200,141,1174,1033,1315,20,2.47856438273303,1.7205629835133116
R016,1557849600,281,427,146,708,20,0.12867794932497026,0.41228236129640744
R016,1557864000,889,433,-456,1322,20,-1.4661716931909847,1.73565023945321
R016,1557878400,210,96,-114,306,20,-0.5601275441204588,-0.4541571941091864
R016,1557892800,61,12,-49,73,20,-0.3879261707591016,-0.9563472846800903
R016,1557907200,36,325,289,361,20,0.5075209707199562,-0.3356144688671276
R016,1557921600,143,1146,1003,1289,20,2.399086825797019,1.6645246043079747
R016,1557936000,292,433,141,725,20,0.11543168983563508,0.44892284000758925
R016,1557950400,899,399,-500,1298,20,-1.5827387766971341,1.6839225048021298
R016,1557964800,206,110,-96,316,20,-0.5124410099588522,-0.432603971337903
R016,1557979200,40,12,-28,52,20,-0.3322918809038938,-1.0016090524997856
R016,1557993600,30,317,287,347,20,0.5022224669242221,-0.3657889807469244
R016,1558008000,157,1178,1021,1335,20,2.4467733599586254,1.7636694290558785
R016,1558022400,311,429,118,740,20,0.05449889618469328,0.4812526741645144
R016,1558036800,897,421,-476,1318,20,-1.5191567311483254,1.7270289503446967
R016,1558051200,219,107,-112,326,20,-0.5548290403247248,-0.4110507485666196
R016,1558065600,46,13,-33,59,20,-0.345538140393229,-0.9865217965598871
R016,1558080000,36,268,232,304,20,0.3565136125415352,-0.45846783866344315
R016,1558094400,183,1041,858,1224,20,2.014945300606299,1.5244286562946323
R016,1558108800,335,418,83,753,20,-0.03822492024065294,0.5092718637671828
R016,1558123200,762,368,-394,1130,20,-1.3019180755232285,1.3218283622445681
R016,1558137600,154,93,-61,247,20,-0.41971719353350595,-0.5813212084597587
R016,1558152000,46,20,-26,66,20,-0.32699337710815973,-0.9714345406199888
R016,1558166400,17,55,38,72,20,-0.1574412556446695,-0.9585026069572187
R016,1558180800,75,137,62,212,20,-0.09385921009586067,-0.6567574881592507
R016,1558195200,138,172,34,310,20,-0.16803826323613763,-0.4455359050006731
R016,1558209600,141,179,38,320,20,-0.1574412556446695,-0.4239826822293897
R016,1558224000,85,87,2,172,20,-0.2528143239678827,-0.7429703792443844
R016,1558238400,24,15,-9,39,20,-0.28195609484442014,-1.029628242102454
R016,1558252800,13,20,7,33,20,-0.2395680644785476,-1.042560175765224
R016,1558267200,68,91,23,159,20,-0.197180034112675,-0.7709895688470528
R016,1558281600,100,137,37,237,20,-0.16009050754253654,-0.6028744312310421
R016,1558296000,116,110,-6,226,20,-0.274008339150819,-0.6265829762794539
R016,1558310400,65,67,2,132,20,-0.2528143239678827,-0.8291832703295181
R016,1558324800,12,9,-3,21,20,-0.26606058345721795,-1.068424043090764
R016,1558339200,26,301,275,327,20,0.4704314441498177,-0.40889542628949127
R016,1558353600,148,1124,976,1272,20,2.327557024554609,1.6278841255967929
R016,1558368000,287,395,108,682,20,0.028006377206022934,0.3562439820910705
R016,1558382400,843,365,-478,1208,20,-1.5244552349440594,1.489943499860579
R016,1558396800,150,93,-57,243,21,-0.41478920575175365,-0.4197567825732411
R016,1558411200,36,13,-23,49,21,-0.30558304353150084,-0.8807983994561873
R016,1558425600,35,313,278,348,21,0.661212686712502,-0.17022394869329596
R016,1558440000,149,1139,990,1288,21,2.9481182014425023,2.0636890403271653
R016,1558454400,311,402,91,713,21,0.060578794501111526,0.6971997119369895
R016,1558468800,909,397,-512,1306,21,-1.8762246119345485,2.106466097563727
R016,1558483200,181,108,-73,289,21,-0.46618034091422555,-0.31043763630202703
R016,1558497600,48,17,-31,65,21,-0.3312786111127368,-0.8427743485792433
R016,1558512000,31,324,293,355,21,0.7093918759273194,-0.15358842643463297
R016,1558526400,154,1088,934,1242,21,2.7682492283738505,1.954369894055951
R016,1558540800,326,415,89,741,21,0.05415490260580253,0.7637418009716416
R016,1558555200,865,403,-462,1268,21,-1.715627314551824,2.016158976730985
R016,1558569600,188,89,-99,277,21,-0.5496909355532424,-0.33895567445973507
R016,1558584000,36,10,-26,46,21,-0.31521888137446435,-0.8879279089956144
R016,1558597010,27,209,182,236,21,0.35286587573767053,-0.4363923048319041
R016,1558598400,12,127,115,139,21,0.13766549724481938,-0.6669131132733772
R016,1558612800,173,1135,962,1308,21,2.858183714908176,2.111219103923345
R016,1558627200,311,444,133,755,21,0.1954805243026003,0.7970128454889676
R016,1558641600,820,402,-418,1222,21,-1.5743016928550262,1.906839830459771
R016,1558656000,208,91,-117,299,21,-0.6075059626110233,-0.28667260450393706
R016,1558670400,43,13,-30,56,21,-0.3280666651650823,-0.8641628771975244
R016,1558684800,26,245,219,271,21,0.4717078758008868,-0.3532146935385891
R016,1558699200,145,892,747,1037,21,2.16761533616246,1.4671867421951057
R016,1558713600,542,423,-119,965,21,-0.6139298545063323,1.2960785132488577
R016,1558728000,475,254,-221,729,21,-0.9415483411670906,0.7352237628139335
R016,1558742400,136,89,-47,225,21,-0.3826697462752087,-0.4625338398098031
R016,1558756800,46,16,-30,62,21,-0.3280666651650823,-0.8499038581186703
R016,1558771200,13,33,20,46,21,-0.16746936778235758,-0.8879279089956144
R016,1558785600,77,110,33,187,21,-0.12571407046284916,-0.5528409606425452
R016,1558800000,111,183,72,294,21,-0.00044817850432387235,-0.29855512040298204
R016,1558814400,137,163,26,300,21,-0.1481976920964306,-0.284296101324128
R016,1558828800,75,75,0,150,21,-0.23170828673544747,-0.6407715782954783
R016,1558843200,22,15,-7,37,21,-0.25419190836902894,-0.9093164376138954
R016,1558857600,10,24,14,34,21,-0.18674104346828455,-0.9164459471533224
R016,1558872000,71,89,18,160,21,-0.17389325967766658,-0.6170065464973882
R016,1558886400,113,123,10,236,21,-0.19958882725890253,-0.4363923048319041
R016,1558900800,117,122,5,239,21,-0.215648556997175,-0.42926279529247713
R016,1558915200,55,81,26,136,21,-0.1481976920964306,-0.6740426228128042
R016,1558929600,12,11,-1,23,21,-0.23492023268310197,-0.9425874821312213
R016,1558944000,12,38,26,50,21,-0.1481976920964306,-0.8784218962763783
R016,1558958400,55,106,51,161,21,-0.06789904340506826,-0.6146300433175792
R016,1558972800,112,142,30,254,21,-0.13534990830581264,-0.3936152475953421
R016,1558987200,96,107,11,203,21,-0.19637688131124803,-0.5148169097656011
R016,1559001600,74,65,-9,139,22,-0.27516330937211597,-0.7925400045219168
R016,1559016000,15,9,-6,24,22,-0.2671134888518265,-1.0334593966699976
R016,1559030400,38,316,278,354,22,0.494936187068907,-0.342125488766809
R016,1559044800,150,1117,967,1267,22,2.3437116332287147,1.5705649897653464
R016,1559059200,331,375,44,706,22,-0.13294981351366922,0.39529734632992564
R016,1559073600,923,366,-557,1289,22,-1.7455971910783201,1.6166539169588923
R016,1559088000,177,99,-78,276,22,-0.460309181338773,-0.5055316851802899
R016,1559102400,40,14,-26,54,22,-0.32077895898708947,-0.9706108595878896
R016,1559116800,38,361,323,399,22,0.6156834948732486,-0.2478526831436469
R016,1559131200,179,1136,957,1315,22,2.3168788981610833,1.6711226490967193
R016,1559145600,345,429,84,774,22,-0.02561887324314338,0.5377540303827039
R016,1559160000,891,492,-399,1383,22,-1.321639977009743,1.8135793331494976
R016,1559174400,228,117,-111,345,22,-0.5488572070619568,-0.3609800498914414
R016,1559188800,40,13,-27,53,22,-0.3234622324938526,-0.9727058108239599
R016,1559203200,27,295,268,322,22,0.46810345200127557,-0.4091639283210576
R016,1559217600,172,1167,995,1339,22,2.418843291418083,1.7214014787624057
R016,1559232000,303,398,95,701,22,0.003897135331251227,0.38482259014957426
R016,1559246400,949,492,-457,1441,22,-1.4772698404020055,1.935086504841573
R016,1559260800,247,121,-126,368,22,-0.589106309663404,-0.3127961714618252
R016,1559275200,42,22,-20,64,22,-0.3046793179465106,-0.9496613472271869
R016,1559289600,26,278,252,304,22,0.4251710758930652,-0.4468730505703224
R016,1559304000,151,1102,951,1253,22,2.3007792571205044,1.5412356724603626
R016,1559318400,346,395,49,741,22,-0.11953344597985349,0.46862063959238504
R016,1559332800,715,358,-357,1073,22,-1.2089424897256908,1.1641444499677143
R016,1559347200,145,102,-43,247,22,-0.3663946086020629,-0.5662852710263278
R016,1559361600,52,20,-32,72,22,-0.33687860002766834,-0.9329017373386248
R016,1559376000,12,43,31,55,22,-0.16783236910159013,-0.9685159083518193
R016,1559390400,79,88,9,167,22,-0.22686438625037933,-0.7338813699119492
R016,1559404800,133,137,4,270,22,-0.24028075378419508,-0.5181013925967115
R016,1559419200,150,131,-19,281,22,-0.3019960444397474,-0.4950569289999386
R016,1559433600,90,74,-16,164,22,-0.293946223919458,-0.74016622362016
R016,1559448000,33,25,-8,58,22,-0.2724800358653528,-0.9622310546436085
R016,1559462400,11,24,13,35,22,-0.21613129222332675,-1.0104149330732246
R016,1559476800,65,93,28,158,22,-0.17588218962187957,-0.7527359310365817
R016,1559491200,103,138,35,241,22,-0.15709927507453755,-0.5788549784427494
R016,1559505600,151,114,-37,265,22,-0.35029496756148404,-0.5285761487770629
R016,1559520000,58,57,-1,115,22,-0.2536971213180108,-0.8428188341876032
R016,1559534400,11,18,7,29,22,-0.23223093326390562,-1.0229846404896463
R016,1559548800,26,328,302,354,22,0.5593347512312226,-0.342125488766809
R016,1559563200,162,1111,949,1273,22,2.295412710106978,1.583134697181768
R016,1559577600,261,388,127,649,22,0.0897618875476719,0.2758851258739203
R016,1559592000,910,400,-510,1310,22,-1.6194833362604522,1.660647892916368
R016,1559606400,171,79,-92,250,23,-0.514217631218679,-0.5946457815400721
R016,1559620800,36,15,-21,51,23,-0.3308408103272535,-1.0184944462264036
R016,1559635200,25,342,317,367,23,0.5421361680009417,-0.34544832541795756
R016,1559649600,162,1189,1027,1351,23,2.375904376915198,1.7503661773526464
R016,1559664000,321,435,114,756,23,0.017833426578978327,0.4830799688683889
R016,1559678400,876,415,-461,1291,23,-1.467260545429046,1.6225726101105364
R016,1559692800,179,114,-65,293,23,-0.4444827838374327,-0.5030603916832266
R016,1559707200,41,21,-20,62,23,-0.3282580382020221,-0.99506562556535
R016,1559721600,33,356,323,389,23,0.5576328007523298,-0.29859068409585054
R016,1559736000,160,1207,1047,1367,23,2.427559819419825,1.7844444619505424
R016,1559750400,316,409,93,725,23,-0.03640478805087995,0.4170532924599654
R016,1559764800,897,407,-490,1304,23,-1.542160937060755,1.6502612163463268
R016,1559779200,185,97,-88,282,23,-0.5038865427177537,-0.52648921234428
R016,1559793600,49,12,-37,61,23,-0.37216516433095503,-0.9971955183527186
R016,1559808000,32,338,306,370,23,0.5137256746233969,-0.33905864705585204
R016,1559822400,161,1167,1006,1328,23,2.3216661622853394,1.7013786432431708
R016,1559836800,340,437,97,777,23,-0.026073699549954563,0.5278077174031274
R016,1559851200,896,413,-483,1309,23,-1.5240815321841354,1.6609106802831692
R016,1559865600,185,127,-58,312,23,-0.42640337896081326,-0.46259242872322504
R016,1559880000,53,13,-40,66,23,-0.37991348070664904,-0.9865460544158761
R016,1559894400,34,310,276,344,23,0.4362425108664565,-0.39443585952743304
R016,1559908800,145,1119,974,1264,23,2.2390174542779366,1.565065504851587
R016,1559923200,383,397,14,780,23,-0.24044378594415633,0.534197395765233
R016,1559937600,701,355,-346,1056,23,-1.170241751027441,1.1220478050789389
R016,1559952000,180,99,-81,279,23,-0.4858071378411343,-0.5328788907063855
R016,1559966400,42,28,-14,70,23,-0.312761405450634,-0.9780264832664021
R016,1559980800,22,61,39,83,23,-0.17587448281337267,-0.9503378770306116
R016,1559995200,64,141,77,205,23,-0.0777291420545815,-0.6904909569716545
R016,1560009600,134,173,39,307,23,-0.17587448281337267,-0.47324189266006755
R016,1560024000,153,178,25,331,23,-0.21203329256661152,-0.42212446576322354
R016,1560038400,89,106,17,195,23,-0.2326954695684623,-0.7117898848453396
R016,1560052800,32,21,-11,53,23,-0.30501308907494,-1.0142346606516666
R016,1560067200,13,24,11,37,23,-0.24819210231985037,-1.0483129452495625
R016,1560081600,59,109,50,168,23,-0.14746398943582786,-0.7692969901042891
R016,1560096000,109,175,66,284,23,-0.1061396354321263,-0.5222294267695431
R016,1560110400,119,132,13,251,23,-0.24302655806938767,-0.5925158887527036
R016,1560124800,66,90,24,156,23,-0.21461606469184286,-0.7948557035527111
R016,1560139200,7,6,-1,13,23,-0.27918536782262654,-1.0994303721464065
R016,1560153600,29,321,292,350,23,0.47756686487015804,-0.38165650280322205
R016,1560168000,156,1162,1006,1318,23,2.3216661622853394,1.6800797153694857
R016,1560182400,285,382,97,667,23,-0.026073699549954563,0.2935195107925924
R016,1560196800,924,380,-544,1304,23,-1.6816306318232477,1.6502612163463268
R016,1560211200,158,63,-95,221,24,-0.5229266963638649,-0.9252377621538822
R016,1560225600,35,17,-18,52,24,-0.3498664286560529,-1.2667085868396097
R016,1560240000,31,328,297,359,24,0.35810739378499634,-0.6464035976176076
R016,1560254400,151,1189,1038,1340,24,2.023531528479655,1.3357436154989533
R016,1560268800,318,397,79,715,24,-0.13185544206309485,0.07290772538901391
R016,1560283200,866,415,-451,1281,24,-1.3230494925194634,1.2165319074725751
R016,1560297600,184,118,-66,302,24,-0.45774815398040325,-0.761574230795634
R016,1560312000,50,26,-24,76,24,-0.36335164432159667,-1.2182156886593882
R016,1560326400,34,316,282,350,24,0.32439435462113686,-0.6645884344351907
R016,1560340800,173,1171,998,1344,24,1.933630090709363,1.3438257651956569
R016,1560355200,328,426,98,754,24,-0.08915225912220617,0.15170868493187414
R016,1560369600,932,443,-489,1375,24,-1.4084558584012408,1.40646242534511
R016,1560384000,188,120,-68,308,24,-0.4622432258689178,-0.7494510062505786
R016,1560398400,41,14,-27,55,24,-0.3700942521543686,-1.260646974567082
R016,1560412800,35,330,295,365,24,0.35361232189648173,-0.6342803730725521
R016,1560427200,193,1263,1070,1456,24,2.0954526786958887,1.570125956703358
R016,1560441600,319,451,132,770,24,-0.012736037017458006,0.18403728371868858
R016,1560456000,915,413,-502,1328,24,-1.4376738256765855,1.3114971664088424
R016,1560470400,199,129,-70,328,24,-0.4667382977574324,-0.7090402577670606
R016,1560484800,44,16,-28,60,24,-0.37234178809862584,-1.2505442874462025
R016,1560499200,22,290,268,312,24,0.2929288514015347,-0.741368856553875
R016,1560513600,179,1071,892,1250,24,1.6953912806180893,1.153895247323122
R016,1560528000,375,402,27,777,24,-0.2487273111644744,0.19818104568791992
R016,1560542400,725,391,-334,1116,24,-1.0600877870413594,0.8831432324835511
R016,1561161600,8778,6767,-2011,15545,25,-3.5657395776504495,4.100824093437665
R016,1561176000,49,22,-27,71,25,0.018063523696304203,-0.32137861047413846
R016,1561190400,14,54,40,68,25,0.13908913246154236,-0.32223595880758393
R016,1561204800,83,169,86,252,25,0.2221813414645417,-0.2696519276895943
R016,1561219200,142,197,55,339,25,0.16618441800599867,-0.24478882601967528
R016,1561233600,176,208,32,384,25,0.124638313504499,-0.23192860101799304
R016,1561248000,103,122,19,225,25,0.10115573269930353,-0.27736806269060366
R016,1561262400,23,32,9,55,25,0.08309220900299934,-0.32595113491918104
R016,1561276800,11,34,23,45,25,0.10838114217782521,-0.3288089626973327
R016,1561291200,63,110,47,173,25,0.1517335990489553,-0.29222876713699203
R016,1561305600,116,184,68,300,25,0.18966699881119412,-0.25593435435446654
R016,1561320000,123,142,19,265,25,0.10115573269930353,-0.2659367515779972
R016,1561334400,76,103,27,179,25,0.1156065516563469,-0.2905140704701011
R016,1561348800,12,9,-3,21,25,0.06141598056743429,-0.3356677493648965
R016,1561363200,31,346,315,377,25,0.635836034109908,-0.23392908046269917
R016,1561377600,128,1176,1048,1304,25,1.959892321049006,0.030991554571955224
R016,1561392000,277,380,103,657,25,0.25288933174825884,-0.15390990267445404
R016,1561406400,888,372,-516,1260,25,-0.8652427850529713,0.018417112348088134
R016,1561420800,162,94,-68,256,26,-0.4431626393170565,-0.5709669804923763
R016,1561435200,44,10,-34,54,26,-0.35501160867981507,-1.0055308867000843
R016,1561449600,31,335,304,366,26,0.5213133429492327,-0.33432326919114924
R016,1561464000,166,1189,1023,1355,26,2.385448373189722,1.7933188260535198
R016,1561478400,299,379,80,678,26,-0.05944638830788765,0.3368843483177858
R016,1561492800,916,386,-530,1302,26,-1.6409795850348674,1.6792995833356559
R016,1561507200,187,92,-95,279,26,-0.513164928352513,-0.5214869317657561
R016,1561521600,38,9,-29,47,26,-0.34204822182139716,-1.0205900319647079
R016,1561536000,38,317,279,355,26,0.4564964086571434,-0.35798764032127195
R016,1561550400,157,1225,1068,1382,26,2.5021188549154827,1.8514041006456392
R016,1561564800,322,428,106,750,26,0.007963223355885255,0.4917784138967708
R016,1561579200,903,403,-500,1306,26,-1.5631992638843601,1.687904809201155
R016,1561593600,195,138,-57,333,26,-0.41464318822853724,-0.40531638258151736
R016,1561608000,40,13,-27,53,26,-0.33686286707803004,-1.007682193166459
R016,1561622400,30,350,320,380,26,0.5627961808961699,-0.30420497866190216
R016,1561636800,170,1130,960,1300,26,2.222109698773657,1.6749969704029062
R016,1561651200,298,443,145,741,26,0.10907764085154462,0.47241665569939767
R016,1561665600,922,424,-498,1346,26,-1.558013909140993,1.7739570678561467
R016,1561680000,198,118,-80,316,26,-0.4742747677772594,-0.4418885925098888
R016,1561694400,40,11,-29,51,26,-0.34204822182139716,-1.0119848060992087
R016,1561708800,24,279,255,303,26,0.39427215173673763,-0.4698555765727611
R016,1561723200,154,1058,904,1212,26,2.0769197659593766,1.4856820013619245
R016,1561737600,401,411,10,812,26,-0.24093380432573777,0.6251594148120079
R016,1561752000,696,321,-375,1017,26,-1.2391145924239135,1.06617724041884
R016,1561766400,155,118,-37,273,26,-0.36278964079486575,-0.5343947705640049
R016,1561780800,38,29,-9,67,26,-0.29019467438772567,-0.9775639026372119
R016,1561795200,13,55,42,68,26,-0.15796812843186345,-0.9754125961708372
R016,1561809600,66,111,45,177,26,-0.1501900963168127,-0.7409201913359849
R016,1561824000,134,188,54,322,26,-0.12685599997166055,-0.4289807537116401
R016,1561838400,135,166,31,301,26,-0.18648757952038275,-0.4741581895055107
R016,1561852800,93,90,-3,183,26,-0.27463861015762425,-0.7280123525377361
R016,1561867200,32,29,-3,61,26,-0.27463861015762425,-0.9904717414354607
R016,1561881600,17,23,6,40,26,-0.2513045138124721,-1.0356491772293313
R016,1561896000,82,106,24,188,26,-0.20463632112216776,-0.7172558202058622
R016,1561910400,104,199,95,303,26,-0.02055622773263405,-0.4698555765727611
R016,1561924800,94,166,72,260,26,-0.08018780728135624,-0.5623617546268771
R016,1561939200,68,84,16,152,26,-0.22537774009563635,-0.7947028529953547
R016,1561953600,9,13,4,22,26,-0.2564898685558392,-1.0743726936240776
R016,1561968000,26,319,293,345,26,0.49279389186071343,-0.37950070498501987
R016,1561982400,133,1162,1029,1295,26,2.4010044374198234,1.6642404380710323
R016,1561996800,285,339,54,624,26,-0.12685599997166055,0.22071379913354705
R016,1562011200,873,351,-522,1224,26,-1.620238166061399,1.511497678958422
R016,1562025600,163,97,-66,260,27,-0.45796412137807174,-0.28662664798574955
R016,1562040000,41,13,-28,54,27,-0.32507125997454395,-0.8330994902891223
R016,1562054400,35,319,284,354,27,0.7660490757596835,-0.03726525392498725
R016,1562068800,155,1130,975,1285,27,3.1826008449659375,2.432473659591712
R016,1562083200,303,360,57,663,27,-0.027810912098231978,0.7824440095300719
R016,1562097600,893,373,-520,1266,27,-2.0456840970939028,2.3820708246219833
R016,1562112000,158,110,-48,268,27,-0.39501487123955853,-0.26540440168270596
R016,1562126400,35,16,-19,51,27,-0.2935966349052874,-0.8410578326527637
R016,1562140800,37,298,261,335,27,0.6856139228049167,-0.0876680888947158
R016,1562155200,177,934,757,1111,27,2.4202154821772783,1.9708898025005135
R016,1562169600,557,342,-215,899,27,-0.9790440253024304,1.4085002754698581
R016,1562184000,538,270,-268,808,27,-1.164394595154719,1.167097223772737
R016,1562198400,138,104,-34,242,27,-0.34605434335404833,-0.3343767021675977
R016,1562212800,23,15,-8,38,27,-0.25512764870952936,-0.8755439828952095
R016,1562227200,16,39,23,55,27,-0.14671505124875678,-0.8304467095012419
R016,1562241600,66,86,20,152,27,-0.15720659293850897,-0.5731269730768382
R016,1562256000,81,101,20,182,27,-0.15720659293850897,-0.49354354944042467
R016,1562270400,94,80,-14,174,27,-0.27611073208903375,-0.5147657957434683
R016,1562284800,70,166,96,236,27,0.10857912986854647,-0.3502933868948804
R016,1562299200,6,25,19,31,27,-0.16070377350175968,-0.8941134484103727
R016,1562313600,22,150,128,172,27,0.2204889078925698,-0.5200713573192292
R016,1562328000,108,425,317,533,27,0.8814560343469575,0.43758250710561336
R016,1562342400,251,209,-42,460,27,-0.3740317878600542,0.2439295095903405
R016,1562356800,338,197,-141,535,27,-0.7202526636218765,0.44288806868137426
R016,1562371200,98,97,-1,195,27,-0.23064738476677427,-0.45905739919797883
R016,1562385600,30,19,-11,49,27,-0.26561919039928156,-0.8463633942285246
R016,1562400000,21,43,22,64,27,-0.1502122318120075,-0.8065716824103178
R016,1562414400,57,152,95,209,27,0.10508194930529573,-0.42191846816765255
R016,1562428800,92,170,78,262,27,0.04562987973003334,-0.28132108640998865
R016,1562443200,101,137,36,238,27,-0.1012517039264973,-0.3449878253191195
R016,1562457600,58,70,12,128,27,-0.18518403744451478,-0.636793711985969
R016,1562472000,17,11,-6,28,27,-0.2481332875830279,-0.902071790774014
R016,1562486400,12,26,14,38,27,-0.17818967631801333,-0.8755439828952095
R016,1562500800,51,94,43,145,27,-0.07677143998374218,-0.5916964385920014
R016,1562515200,77,116,39,193,27,-0.0907601622367451,-0.46436296077373973
R016,1562529600,83,117,34,200,27,-0.10824606505299875,-0.4457934952585766
R016,1562544000,52,60,8,112,27,-0.19917275969751772,-0.6792382045920562
R016,1562558400,11,11,0,22,27,-0.22715020420352355,-0.9179884755012967
R016,1562572800,32,330,298,362,27,0.8150096036451937,-0.016043007621943647
R016,1562587200,150,1133,983,1283,27,3.2105782894719432,2.427168098015951
R016,1562601600,247,329,82,576,27,0.05961860198303625,0.5516520809844727
R016,1562616000,871,319,-552,1190,27,-2.157593875117926,2.180459484743069
R016,1562630400,160,75,-85,235,28,-0.4792407699652008,-0.6248611253135852
R016,1562644800,32,10,-22,42,28,-0.3197951422363034,-1.0264407877088852
R016,1562659200,39,358,319,397,28,0.5432359538836018,-0.2877838957382555
R016,1562673600,176,1164,988,1340,28,2.236396667385703,1.6743384961724594
R016,1562688000,303,514,211,817,28,0.2699005920626348,0.5861200327903768
R016,1562702400,944,396,-548,1340,28,-1.6510395896236059,1.6743384961724594
R016,1562716800,193,106,-87,299,28,-0.48430253592484834,-0.4916948123949364
R016,1562731200,36,14,-22,50,28,-0.3197951422363034,-1.0097949985940542
R016,1562745600,38,358,320,396,28,0.5457668368634255,-0.2898646193776094
R016,1562760000,163,1144,981,1307,28,2.2186804865269365,1.6056746160737814
R016,1562774400,286,435,149,721,28,0.1129858473135611,0.3863705634124038
R016,1562788800,999,427,-572,1426,28,-1.7117807811393764,1.8532807291568938
R016,1562803200,187,124,-63,311,28,-0.4235613444090779,-0.46672612872268976
R016,1562817600,46,15,-31,61,28,-0.3425730890547173,-0.9869070385611614
R016,1562832000,43,328,285,371,28,0.45718593256959367,-0.34188271036145657
R016,1562846400,170,1239,1069,1409,28,2.4413981887514282,1.8179084272878778
R016,1562860800,311,424,113,735,28,0.02187406003990542,0.4155006943633582
R016,1562875200,984,403,-581,1387,28,-1.7345587279577903,1.7721325072220921
R016,1562889600,162,111,-51,273,28,-0.3931907486511927,-0.5457936270181374
R016,1562904000,42,13,-29,55,28,-0.33751132309506976,-0.9993913803972847
R016,1562918400,31,297,266,328,28,0.40909915595294205,-0.4313538268536737
R016,1562932800,156,1116,960,1272,28,2.1655319439506377,1.5328492886963954
R016,1562947200,404,405,1,809,28,-0.2615848337003567,0.5694742436755458
R016,1562961600,720,350,-370,1070,28,-1.200542419214975,1.1125431135469102
R016,1562976000,156,108,-48,264,28,-0.3855980997117214,-0.5645201397723224
R016,1562990400,44,31,-13,75,28,-0.29701719541788946,-0.957776907610207
R016,1563004800,21,57,36,78,28,-0.1730039294065248,-0.9515347366921453
R016,1563019200,76,181,105,257,28,0.0016269962013152697,-0.5790852052477996
R016,1563033600,109,173,64,282,28,-0.10213920597145926,-0.5270671142639525
R016,1563048000,138,237,99,375,28,-0.013558301677627343,-0.333559815804041
R016,1563062400,108,156,48,264,28,-0.14263333364863956,-0.5645201397723224
R016,1563076800,25,26,1,51,28,-0.2615848337003567,-1.0077142749547003
R016,1563091200,13,35,22,48,28,-0.20843629112405754,-1.013956445872762
R016,1563105600,55,95,40,150,28,-0.1628803974872297,-0.8017226346586654
R016,1563120000,98,134,36,232,28,-0.1730039294065248,-0.6311032962316467
R016,1563134400,82,140,58,222,28,-0.11732450385040187,-0.6519105326251856
R016,1563148800,54,79,25,133,28,-0.20084364218458625,-0.8370949365276815
R016,1563163200,15,9,-6,24,28,-0.2793010145591231,-1.0638938132172553
R016,1563177600,27,329,302,356,28,0.5002109432265978,-0.3730935649517648
R016,1563192000,162,1114,952,1276,28,2.1452848801120474,1.5411721832538108
R016,1563206400,268,365,97,633,28,-0.018620067637274883,0.20326688314926172
R016,1563220800,974,338,-636,1312,28,-1.8737572918480976,1.6160782342705506
R016,1563235200,176,84,-92,260,29,-0.45222238732238695,-0.482830738718136
R016,1563249600,45,11,-34,56,29,-0.30057041196802015,-0.9062274474651063
R016,1563264000,40,328,288,368,29,0.5413595201717406,-0.2586795399697399
R016,1563278400,190,1211,1021,1401,29,2.4579267259433073,1.8852851665774188
R016,1563279642,20,31,11,51,29,-0.18290939660687347,-0.9166048177775321
R016,1563291849,280,315,35,595,29,-0.12015685508092858,0.2124530722143889
R016,1563292800,36,40,4,76,29,-0.2012122212186074,-0.8647179662154033
R016,1563307200,926,397,-529,1323,29,-1.5948415809406338,1.7233981897035773
R016,1563321600,187,123,-64,310,29,-0.37901108887545126,-0.37905703559387854
R016,1563336000,48,15,-33,63,29,-0.29795572273777243,-0.8916991290277103
R016,1563350400,50,318,268,368,29,0.4890657355667865,-0.2586795399697399
R016,1563364800,173,1208,1035,1381,29,2.4945323751667754,1.8437756853277159
R016,1563379200,330,425,95,755,29,0.036724498733933665,0.5445289222120127
R016,1563393600,978,405,-573,1383,29,-1.7098879070715327,1.8479266334526863
R016,1563408000,181,90,-91,271,29,-0.44960769809213924,-0.46000052403079933
R016,1563422400,46,10,-36,56,29,-0.30579979042851557,-0.9062274474651063
R016,1563436800,36,333,297,369,29,0.56489172324397,-0.25660406590725476
R016,1563451200,173,1246,1073,1419,29,2.593890565916188,1.9226436997021514
R016,1563465600,282,373,91,655,29,0.026265741812942847,0.33698151596349785
R016,1563480000,913,372,-541,1285,29,-1.626217851703606,1.6445301753291415
R016,1563494400,184,98,-86,282,29,-0.43653425194090073,-0.4371703093434627
R016,1563508800,49,12,-37,61,29,-0.3084144796587633,-0.8958500771526806
R016,1563523200,30,282,252,312,29,0.44723070788282326,-0.37490608746890824
R016,1563537600,151,1009,858,1160,29,2.0317323814129318,1.385095917518498
R016,1563552000,447,355,-92,802,29,-0.45222238732238695,0.6420762031488148
R016,1563566400,785,425,-360,1210,29,-1.1529591010287716,1.4888696206427554
R016,1563580800,139,85,-54,224,29,-0.3528641965729742,-0.5575478049676014
R016,1563595200,46,16,-30,62,29,-0.29011165504702935,-0.8937746030901954
R016,1563609600,17,45,28,62,29,-0.1384596796926625,-0.8937746030901954
R016,1563624000,69,100,31,169,29,-0.1306156120019194,-0.6716988784042845
R016,1563638400,94,143,49,237,29,-0.08355120585746072,-0.5305666421552944
R016,1563652800,118,153,35,271,29,-0.12015685508092858,-0.46000052403079933
R016,1563667200,74,60,-14,134,29,-0.24827662736306608,-0.7443404705912647
R016,1563681600,23,19,-4,42,29,-0.22212973506058903,-0.9352840843398984
R016,1563696000,13,21,8,34,29,-0.19075346429761658,-0.9518878768397796
R016,1563710400,72,83,11,155,29,-0.18290939660687347,-0.7007555152790765
R016,1563724800,80,107,27,187,29,-0.1410743689229102,-0.6343403452795519
R016,1563739200,91,96,5,187,29,-0.1985975319883597,-0.6343403452795519
R016,1563753600,64,59,-5,123,29,-0.22474442429083674,-0.7671706852786013
R016,1563768000,6,9,3,15,29,-0.20382691044885512,-0.9913218840269974
R016,1563782400,39,335,296,374,29,0.5622770340137222,-0.246226695594829
R016,1563796800,168,1110,942,1278,29,2.251366276753739,1.6300018568917456
R016,1563811200,271,326,55,597,29,-0.0678630704759745,0.2166040203393592
R016,1563825600,917,336,-581,1253,29,-1.7308054209135144,1.578115005329617
R016,1563840000,154,85,-69,239,30,-0.35607697199005095,-0.6366122260392574
R016,1563854400,38,10,-28,48,30,-0.25461006056081587,-1.0528566858393165
R016,1563868800,36,296,260,332,30,0.4581331221616161,-0.43393822205284127
R016,1563883200,143,1193,1050,1336,30,2.4132272692127317,1.754069304854275
R016,1563897600,277,372,95,649,30,0.04979067372688947,0.2568968237933299
R016,1563912000,961,394,-567,1355,30,-1.5885287254475895,1.7954758217977362
R016,1563926400,179,91,-88,270,30,-0.40309822362798914,-0.569054224710452
R016,1563940800,39,18,-21,57,30,-0.2372864415363123,-1.0332430725503083
R016,1563955200,32,323,291,355,30,0.534852006412989,-0.38381454364759854
R016,1563969600,152,1203,1051,1355,30,2.4157020719305176,1.7954758217977362
R016,1563984000,302,405,103,707,30,0.06958909546917924,0.3832956649891593
R016,1563998400,1007,393,-614,1400,30,-1.704844453183542,1.8935438882427764
R016,1564012800,196,107,-89,303,30,-0.4055730263457754,-0.497137642650756
R016,1564027200,38,18,-20,56,30,-0.23481163881852607,-1.0354223629157537
R016,1564041600,37,309,272,346,30,0.4878307547750508,-0.40342815693660655
R016,1564056000,162,1179,1017,1341,30,2.331558779525786,1.7649657566815016
R016,1564070400,339,376,37,715,30,-0.09374788390471141,0.40072998791272196
R016,1564084800,926,379,-547,1305,30,-1.5390326710918651,1.6865113035254695
R016,1564099200,199,100,-99,299,30,-0.4303210535236376,-0.5058548041125374
R016,1564113600,46,18,-28,64,30,-0.25461006056081587,-1.017988039992191
R016,1564128000,30,276,246,306,30,0.423485884112609,-0.49059977155441997
R016,1564142400,120,1044,924,1164,30,2.1014021267716676,1.3792313619976773
R016,1564156800,436,350,-86,786,30,-0.3981486181924167,0.5554596038593408
R016,1564171200,733,293,-440,1026,30,-1.2742287802887393,1.0784892915662212
R016,1564185600,159,93,-66,252,30,-0.3486525638366923,-0.608281451288468
R016,1564200000,82,25,-57,107,30,-0.3263793393766163,-0.9242785542780416
R016,1564214400,33,47,14,80,30,-0.1506683464137945,-0.9831193941450657
R016,1564228800,123,126,3,249,30,-0.17789117630944296,-0.6148193223848041
R016,1564243200,214,190,-24,404,30,-0.24471084968967094,-0.27702931574077716
R016,1564257600,220,197,-23,417,30,-0.24223604697188472,-0.2486985409899878
R016,1564272000,137,95,-42,232,30,-0.28925729860982297,-0.6518672585973747
R016,1564286400,40,33,-7,73,30,-0.2026392034873052,-0.998374426703183
R016,1564300800,33,21,-12,54,30,-0.2150132170762363,-1.0397809436466443
R016,1564315200,90,102,12,192,30,-0.15561795184936697,-0.7390388732151881
R016,1564329600,174,163,-11,337,30,-0.21253841435845006,-0.42304177022561457
R016,1564344000,183,178,-5,361,30,-0.19768959805173272,-0.37073880145492655
R016,1564358400,121,79,-42,200,30,-0.28925729860982297,-0.7216045502916255
R016,1564372800,17,19,2,36,30,-0.18036597902722917,-1.0790081702246603
R016,1564387200,32,325,293,357,30,0.5398016118485615,-0.3794559629167079
R016,1564401600,145,1135,990,1280,30,2.264739106145558,1.6320290443893362
R016,1564416000,276,357,81,633,30,0.015143435677882362,0.22202817794620452
R016,1564430400,920,309,-611,1229,30,-1.6974200450301833,1.520885235751624
R016,1564444800,172,102,-70,274,31,-0.36407740730609733,-0.8072314382484462
R016,1564459200,40,12,-28,52,31,-0.272990282321102,-1.2713437834505312
R016,1564473600,38,342,304,380,31,0.4470317532745752,-0.5856282463951985
R016,1564488000,165,1192,1027,1357,31,2.0150315476591376,1.4568841917238873
R016,1564502400,279,364,85,643,31,-0.027922541290043207,-0.035801459061196875
R016,1564516800,950,381,-569,1331,31,-1.4462792017706845,1.4025286918353548
R016,1564531200,206,98,-108,304,31,-0.4464895680068074,-0.744513553761678
R016,1564545600,47,13,-34,60,31,-0.2860027287475299,-1.2546190142540599
R016,1564560000,34,341,307,375,31,0.45353797648778915,-0.5960812271429932
R016,1564574400,175,1147,972,1322,31,1.895750788750215,1.3837133264893244
R016,1564588800,307,375,68,682,31,-0.0647911394982556,0.045731790771601846
R016,1564603200,1043,383,-660,1426,31,-1.6436346392381744,1.6011353260434542
R016,1564617600,191,108,-83,299,31,-0.3922710412300245,-0.7549665345094727
R016,1564632000,39,22,-17,61,31,-0.24913413053931754,-1.2525284181045009
R016,1564646400,31,327,296,358,31,0.4296818247060047,-0.6316213616854952
R016,1564660800,166,1144,978,1310,31,1.9087632351766428,1.3586261726946172
R016,1564675200,305,373,68,678,31,-0.0647911394982556,0.03736940617336608
R016,1564689600,946,339,-607,1285,31,-1.5286913624713945,1.3063612689556436
R016,1564704000,189,110,-79,299,31,-0.3835960769457392,-0.7549665345094727
R016,1564718400,46,28,-18,74,31,-0.25130287161038883,-1.2253506681602346
R016,1564732800,35,284,249,319,31,0.3277509943656528,-0.713154611518294
R016,1564747200,152,949,797,1101,31,1.5162211013127345,0.9216915774367983
R016,1564761600,416,362,-54,778,31,-0.32937755016895626,0.24642902112926024
R016,1564776000,775,300,-475,1075,31,-1.2424175410899807,0.8673360775482658
R016,1565395200,8845,9941,1096,18786,32,2.8255236405501667,4.109462467998153
R016,1565409600,68,42,-26,110,32,-0.3205936515741671,-0.3014169140565447
R016,1565424000,33,56,23,89,32,-0.18319637232809546,-0.30637667348164366
R016,1565438400,135,147,12,282,32,-0.21404065950578502,-0.2607941225747816
R016,1565452800,235,170,-65,405,32,-0.4299506697496118,-0.23174410308491608
R016,1565467200,234,167,-67,401,32,-0.4355587219637372,-0.2326888191658873
R016,1565481600,140,103,-37,243,32,-0.35143793875185664,-0.2700051043642511
R016,1565496000,40,17,-23,57,32,-0.312181573252979,-0.31393440212941354
R016,1565510400,26,18,-8,44,32,-0.27012118164703874,-0.3170047293925701
R016,1565524800,113,99,-14,212,32,-0.2869453382894149,-0.2773266539917782
R016,1565539200,171,136,-35,307,32,-0.3458298865377313,-0.2548896470687113
R016,1565553600,171,167,-4,338,32,-0.258905077218788,-0.24756809744118427
R016,1565568000,109,68,-41,177,32,-0.36265404318010735,-0.2855929197002765
R016,1565582400,21,13,-8,34,32,-0.27012118164703874,-0.3193665195949981
R016,1565596800,44,330,286,374,32,0.554262493829391,-0.23906565271244315
R016,1565611200,147,1077,930,1224,32,2.3600553067777605,-0.03831348550605564
R016,1565625600,265,346,81,611,32,-0.020562858118459683,-0.18309122491489746
R016,1565640000,884,374,-510,1258,32,-1.6777422873925072,-0.030283398817800143
R016,1565654400,157,102,-55,259,33,-0.3466374412751541,-0.529331236237338
R016,1565668800,53,23,-30,76,33,-0.27797694073961143,-0.9407418825838018
R016,1565683200,49,323,274,372,33,0.5569347457725877,-0.2752907824824178
R016,1565697600,186,1138,952,1324,33,2.419007520296506,1.8649438367625737
R016,1565712000,282,381,99,663,33,0.0763112420237889,0.37891958957671307
R016,1565726400,933,387,-546,1320,33,-1.6951296717932127,1.8559512543287713
R016,1565740800,165,99,-66,264,33,-0.376848061510793,-0.5180905081950848
R016,1565755200,47,16,-31,63,33,-0.28072336076103316,-0.9699677754936598
R016,1565769600,45,334,289,379,33,0.5981310460939134,-0.25955376322326346
R016,1565784000,173,1084,911,1257,33,2.306404299418216,1.714318080996382
R016,1565798400,284,369,85,653,33,0.03786136172388499,0.3564381334922068
R016,1565812800,944,359,-585,1303,33,-1.8022400526286593,1.8177327789851108
R016,1565827200,186,107,-79,293,33,-0.4125515217892752,-0.4528942855500169
R016,1565841600,46,12,-34,58,33,-0.2889626208252983,-0.9812085035359129
R016,1565856000,46,306,260,352,33,0.5184848654726839,-0.3202536946514302
R016,1565870400,161,1079,918,1240,33,2.3256292395681677,1.6760996056527215
R016,1565884800,289,381,92,670,33,0.057086301873836946,0.3946566088358674
R016,1565899200,927,363,-564,1290,33,-1.7445652321788034,1.7885068860752527
R016,1565913600,176,114,-62,290,33,-0.36586238142510613,-0.45963872237536874
R016,1565928000,42,17,-25,59,33,-0.2642448406325029,-0.9789603579274623
R016,1565942400,26,266,240,292,33,0.4635564650442497,-0.4551424311584675
R016,1565956800,143,896,753,1039,33,1.8724699360335861,1.2242223383541466
R016,1565971200,432,314,-118,746,33,-0.5196619026247218,0.5655156750781146
R016,1565985600,699,324,-375,1023,33,-1.2254918481301007,1.1882520086189368
R016,1566000000,137,94,-43,231,33,-0.31368040101809364,-0.5922793132739554
R016,1566014400,46,24,-22,70,33,-0.25600558056823774,-0.9542307562345055
R016,1566028800,18,54,36,72,33,-0.0967132193257787,-0.9497344650176042
R016,1566043200,86,133,47,219,33,-0.06650259909013992,-0.6192570605753629
R016,1566057600,130,171,41,301,33,-0.08298111921867016,-0.4349091206824119
R016,1566072000,111,166,55,277,33,-0.04453123891876625,-0.4888646152852268
R016,1566086400,78,82,4,160,33,-0.18459866001127337,-0.7518976514739495
R016,1566100800,25,25,0,50,33,-0.19558434009696019,-0.9991936684035179
R016,1566115200,17,24,7,41,33,-0.17635939994700822,-1.0194269788795736
R016,1566129600,66,90,24,156,33,-0.1296702595828392,-0.760890233907752
R016,1566144000,113,130,17,243,33,-0.14889519973279117,-0.565301565972548
R016,1566158400,109,125,16,234,33,-0.15164161975421286,-0.5855348764486036
R016,1566172800,57,64,7,121,33,-0.17635939994700822,-0.8395753302035237
R016,1566187200,13,13,0,26,33,-0.19558434009696019,-1.0531491630063328
R016,1566201600,30,270,240,300,33,0.4635564650442497,-0.43715726629086255
R016,1566216000,153,1008,855,1161,33,2.1526047782186004,1.4984961025851224
R016,1566230400,269,298,29,567,33,-0.11593815947573066,0.16309761116545338
R016,1566244800,939,314,-625,1253,33,-1.9120968534855276,1.7053254985625796
R016,1566259200,161,88,-73,249,34,-0.3893789672159158,-0.5268492257142202
R016,1566273600,48,13,-35,61,34,-0.28247223546353295,-0.9567346743284066
R016,1566288000,39,307,268,346,34,0.5699682835094148,-0.30504662722711334
R016,1566302400,161,1045,884,1206,34,2.3029826719164634,1.6614506377101226
R016,1566316800,300,350,50,650,34,-0.04333875654372913,0.3900872896809328
R016,1566331200,922,362,-560,1284,34,-1.759473134674086,1.8398073663904764
R016,1566345600,155,94,-61,249,34,-0.35561894666253174,-0.5268492257142202
R016,1566360000,36,14,-22,50,34,-0.24589887986403353,-0.9818875463217899
R016,1566374400,34,302,268,336,34,0.5699682835094148,-0.3279128744938254
R016,1566388800,196,1058,862,1254,34,2.241089300901926,1.7712086245903402
R016,1566403200,312,351,39,663,34,-0.07428544205099785,0.41981341112765846
R016,1566417600,935,362,-573,1297,34,-1.7960464902735853,1.869533487837202
R016,1566432000,177,98,-79,275,34,-0.40625897749260786,-0.46739698282076886
R016,1566446400,40,12,-28,52,34,-0.2627788901407256,-0.9773142968684475
R016,1566460800,40,309,269,349,34,0.5727816185555301,-0.29818675304709974
R016,1566475200,170,1025,855,1195,34,2.2213959555791187,1.6362977657167392
R016,1566489600,273,385,112,658,34,0.13108801631542188,0.40838028749430244
R016,1566504000,893,331,-562,1224,34,-1.7650998047663167,1.702609882790204
R016,1566518400,157,129,-28,286,34,-0.2627788901407256,-0.44224411082738563
R016,1566532800,42,13,-29,55,34,-0.2655922251868409,-0.9704544226884338
R016,1566547200,31,272,241,303,34,0.4940082372643006,-0.40337149047397514
R016,1566561600,160,934,774,1094,34,1.993515816843776,1.4053486683229477
R016,1566576000,391,323,-68,714,34,-0.3753122919853391,0.5364312721878899
R016,1566590400,689,262,-427,951,34,-1.3852995735407458,1.0783613324089654
R016,1566604800,124,91,-33,215,34,-0.2768455653713023,-0.6045944664210411
R016,1566619200,44,23,-21,67,34,-0.2430855448179182,-0.9430149259683794
R016,1566633600,18,45,27,63,34,-0.10804546260438193,-0.9521614248750642
R016,1566648000,74,123,49,197,34,-0.04615209158984447,-0.6457537115011228
R016,1566662400,134,148,14,282,34,-0.14461881820388134,-0.4513906097340704
R016,1566676800,144,138,-6,282,34,-0.2008855191261881,-0.4513906097340704
R016,1566691200,80,73,-7,153,34,-0.20369885417230343,-0.7463651994746558
R016,1566705600,24,15,-9,39,34,-0.20932552426453413,-1.007040418315173
R016,1566720000,11,23,12,34,34,-0.150245488296112,-1.0184735419485291
R016,1566734400,56,78,22,134,34,-0.12211213783495863,-0.7898110692814087
R016,1566748800,110,133,23,243,34,-0.11929880278884328,-0.5405689740742474
R016,1566763200,100,135,35,235,34,-0.08553878223545922,-0.5588619718876171
R016,1566777600,52,67,15,119,34,-0.141805483157766,-0.8241104401814767
R016,1566792000,13,12,-1,25,34,-0.1868188438956114,-1.0390531644885699
R016,1566806400,35,243,208,278,34,0.40116818074249444,-0.46053710864075525
R016,1566820800,162,1062,900,1224,34,2.347996032654309,1.702609882790204
R016,1566835200,263,267,4,530,34,-0.1727521686650347,0.11569232248038827
R016,1566849600,888,326,-562,1214,34,-1.7650998047663167,1.679743635523492
R016,1566864000,144,66,-78,210,35,-0.4365559737178291,-0.46037040811795177
R016,1566878400,26,14,-12,40,35,-0.21166596086783426,-0.8952222025301988
R016,1566892800,39,293,254,332,35,0.6947089394063873,-0.14830029683386858
R016,1566907200,155,1013,858,1168,35,2.7527932994275526,1.9901473509816523
R016,1566921600,293,348,55,641,35,0.01663147641928172,0.6421067883036864
R016,1566936000,880,353,-527,1233,35,-1.966489545985218,2.1564142135510407
R016,1566950400,170,108,-62,278,35,-0.382037182723891,-0.28642969035305293
R016,1566964800,36,14,-22,50,35,-0.2457402052390456,-0.8696426852118313
R016,1566979200,33,266,233,299,35,0.6231530262268435,-0.23271270398448124
R016,1566993600,151,1022,871,1173,35,2.7970898171101273,2.0029371096408357
R016,1567008000,302,387,85,689,35,0.11885420953291574,0.7648884714318502
R016,1567022400,898,332,-566,1230,35,-2.099379099032942,2.1487403583555307
R016,1567036800,167,84,-83,251,35,-0.4535930959034348,-0.35549438711264514
R016,1567051200,41,13,-28,54,35,-0.2661847518617724,-0.8594108782844844
R016,1567065600,30,267,237,297,35,0.6367827239753281,-0.23782860744815473
R016,1567080000,155,972,817,1127,35,2.6130888975055857,1.8852713299763455
R016,1567094400,305,326,21,631,35,-0.09922095444283684,0.6165272709853189
R016,1567108800,838,365,-473,1203,35,-1.782488626380677,2.0796756615959384
R016,1567123200,180,106,-74,286,35,-0.42292627596934457,-0.26596607649835896
R016,1567137600,45,28,-17,73,35,-0.22870308305343992,-0.8108097953795861
R016,1567152000,27,224,197,251,35,0.5004857464904827,-0.35549438711264514
R016,1567166400,147,770,623,917,35,1.952048556704086,1.3481014662906285
R016,1567180800,485,303,-182,788,35,-0.790928115178427,1.0181256928836881
R016,1567195200,481,237,-244,718,35,-1.0021884302799373,0.8390690716551159
R016,1567209600,120,79,-41,199,35,-0.3104812695443471,-0.48850787716815597
R016,1567224000,32,24,-8,56,35,-0.19803626311934971,-0.8542949748208108
R016,1567238400,11,37,26,48,35,-0.08218383225723117,-0.8747585886755048
R016,1567252800,72,86,14,158,35,-0.12307292550268477,-0.5933838981734626
R016,1567267200,97,129,32,226,35,-0.06173928563450436,-0.4194431804085638
R016,1567281600,120,126,6,246,35,-0.15033232099965385,-0.36828414577182883
R016,1567296000,73,76,3,149,35,-0.16055459431101723,-0.6164054637599934
R016,1567310400,18,19,1,37,35,-0.1673694431852595,-0.902896057725709
R016,1567324800,10,26,16,36,35,-0.11625807662844251,-0.9054540094575458
R016,1567339200,60,83,23,143,35,-0.09240610556859456,-0.6317531741510138
R016,1567353600,96,110,14,206,35,-0.12307292550268477,-0.47060221504529876
R016,1567368000,109,114,5,223,35,-0.153739745436775,-0.42711703560407405
R016,1567382400,52,59,7,111,35,-0.14692489656253271,-0.7136076295697897
R016,1567396800,18,21,3,39,35,-0.16055459431101723,-0.8977801542620355
R016,1567411200,8,35,27,43,35,-0.07877640782011003,-0.8875483473346886
R016,1567425600,52,108,56,160,35,0.020038900856402853,-0.5882679947097891
R016,1567440000,78,107,29,185,35,-0.07196155894586777,-0.5243192014138705
R016,1567454400,83,92,9,175,35,-0.14011004768829044,-0.549898718732238
R016,1567468800,49,58,9,107,36,-0.18421464975907975,-0.8540506737264759
R016,1567483200,12,7,-5,19,36,-0.22156575805505868,-1.046079587833609
R016,1567497600,40,305,265,345,36,0.4987770447959635,-0.33469974693672944
R016,1567512000,142,1027,885,1169,36,2.152897555046459,1.4633891760664264
R016,1567526400,267,313,46,580,36,-0.08550100640542116,0.1781047395993648
R016,1567540800,856,339,-517,1195,36,-1.587549147165145,1.5201249915980795
R016,1567555200,162,93,-69,255,36,-0.3923136816938194,-0.5310929545462975
R016,1567569600,41,15,-26,56,36,-0.27759242049902705,-0.9653401580385644
R016,1567584000,40,293,253,333,36,0.46676180911369586,-0.3608855079513385
R016,1567598400,145,1141,996,1286,36,2.4490384851074345,1.7187003459588648
R016,1567612800,284,406,122,690,36,0.11726215291560729,0.4181408822332812
R016,1567627200,913,360,-553,1273,36,-1.683594854211948,1.6903324381930385
R016,1567641600,201,92,-109,293,36,-0.49903113396804494,-0.4481713780000354
R016,1567656000,44,11,-33,55,36,-0.29626797464701654,-0.9675223047897819
R016,1567670400,45,322,277,367,36,0.5307922804782311,-0.28669251840994614
R016,1567684800,168,1082,914,1250,36,2.230267707945272,1.6401430629150378
R016,1567699200,302,406,104,708,36,0.06923929939220583,0.45741952375519485
R016,1567713600,893,397,-496,1290,36,-1.5315224847211766,1.7274289329637347
R016,1567728000,188,87,-101,275,36,-0.4776876435131998,-0.487450019521949
R016,1567742400,46,11,-35,57,36,-0.3016038472607278,-0.963158011287347
R016,1567756800,32,296,264,328,36,0.4961091084891079,-0.37179624170742565
R016,1567771200,191,1049,858,1240,36,2.0808632747613567,1.6183215954028636
R016,1567785600,344,333,-11,677,36,-0.23757337589619248,0.38977297446745474
R016,1567800000,884,382,-502,1266,36,-1.5475301025623105,1.6750574109345164
R016,1567814400,157,87,-70,244,36,-0.39498161800067505,-0.555096568809689
R016,1567828800,44,21,-23,65,36,-0.26958861157846015,-0.9457008372776077
R016,1567843200,10,52,42,62,36,-0.09617275163284371,-0.9522472775312599
R016,1567857600,79,145,66,224,36,-0.032142280268308406,-0.5987395038340375
R016,1567872000,161,168,7,329,36,-0.18955052237279102,-0.3696140949562082
R016,1567886400,146,165,19,311,36,-0.15753528669052336,-0.4088927364781218
R016,1567900800,87,79,-8,166,36,-0.22956956697562558,-0.7253040154046481
R016,1567915200,32,27,-5,59,36,-0.22156575805505868,-0.9587937177849122
R016,1567929600,15,29,14,44,36,-0.17087496822480155,-0.9915259190531736
R016,1567944000,78,93,15,171,36,-0.16820703191794592,-0.7143932816485609
R016,1567958400,99,136,37,235,36,-0.10951243316712189,-0.5747358895706459
R016,1567972800,110,126,16,236,36,-0.1655390956110903,-0.5725537428194285
R016,1567987200,56,54,-2,110,36,-0.21356194913449175,-0.8475042334728237
R016,1568001600,11,9,-2,20,36,-0.21356194913449175,-1.0438974410823916
R016,1568016000,48,284,236,332,36,0.42140689189715,-0.3630676547025559
R016,1568030400,153,1141,988,1294,36,2.4276949946525894,1.7361575199686043
R016,1568044800,319,326,7,645,36,-0.18955052237279102,0.3199442784284972
R016,1568059200,933,338,-595,1271,36,-1.7956481790998848,1.6859681446906036
R016,1568073600,160,81,-79,241,37,-0.4101558565338463,-0.5891375493361394
R016,1568088000,41,10,-31,51,37,-0.2839155196220548,-0.9886376890117337
R016,1568102400,42,323,281,365,37,0.5366466703045897,-0.3284111423899621
R016,1568116800,171,1187,1016,1358,37,2.469701829266396,1.7595027454935384
R016,1568131200,287,448,161,735,37,0.22104582802511102,0.44956281382040564
R016,1568145600,976,400,-576,1376,37,-1.717269344974687,1.7973501271470156
R016,1568160000,215,86,-129,301,37,-0.5416562074836291,-0.4629796104912149
R016,1568174400,43,12,-31,55,37,-0.2839155196220548,-0.9802271597554053
R016,1568188800,40,352,312,392,37,0.6181768878934549,-0.27164006990974604
R016,1568203200,185,1130,945,1315,37,2.2829713309177047,1.669089555988009
R016,1568217600,314,442,128,756,37,0.1342555963982544,0.49371809241612924
R016,1568232000,947,397,-550,1344,37,-1.6488891624808,1.7300658930963893
R016,1568246400,176,99,-77,275,37,-0.404895842495855,-0.5176480506573489
R016,1568260800,47,24,-23,71,37,-0.26287546347008955,-0.9465850427300921
R016,1568275200,38,303,265,341,37,0.49456655800065913,-0.3788743179279319
R016,1568289600,194,1009,815,1203,37,1.9410704184482694,1.4335947368108166
R016,1568304000,354,429,75,783,37,-0.005134775608515318,0.5504891648963453
R016,1568318400,977,363,-614,1340,37,-1.8172096116965217,1.721655363840061
R016,1568332800,198,155,-43,353,37,-0.3154756038500026,-0.353642730158947
R016,1568347200,40,19,-21,59,37,-0.25761544943209824,-0.9718166304990771
R016,1568361600,38,299,261,337,37,0.4840465299246765,-0.3872848471842602
R016,1568376000,159,1076,917,1235,37,2.209331134385826,1.5008789708614432
R016,1568390400,340,396,56,736,37,-0.05510490896943277,0.4516654461344877
R016,1568404800,838,371,-467,1209,37,-1.4305985799041605,1.4462105306953092
R016,1568419200,149,100,-49,249,37,-0.33125564596397655,-0.5723164908234828
R016,1568433600,38,27,-11,65,37,-0.23131537924214168,-0.9592008366145846
R016,1568448000,19,46,27,65,37,-0.13137511252030676,-0.9592008366145846
R016,1568462400,94,100,6,194,37,-0.18660525991921553,-0.687961268097997
R016,1568476800,148,139,-9,287,37,-0.22605536520415037,-0.49241646288836394
R016,1568491200,140,148,8,288,37,-0.18134524588122422,-0.49031383057428185
R016,1568505600,93,72,-21,165,37,-0.25761544943209824,-0.7489376052063771
R016,1568520000,33,19,-14,52,37,-0.23920540029912865,-0.9865350566976515
R016,1568534400,10,23,13,33,37,-0.16819521078624594,-1.0264850706652109
R016,1568548800,76,81,5,157,37,-0.1892352669382112,-0.7657586637190337
R016,1568563200,119,97,-22,216,37,-0.26024545645109387,-0.6417033571881913
R016,1568577600,89,121,32,210,37,-0.11822507742532849,-0.6543191510726837
R016,1568592000,66,43,-23,109,37,-0.26287546347008955,-0.8666850147949733
R016,1568606400,14,11,-3,25,37,-0.21027532309017644,-1.0433061291778676
R016,1568620800,36,298,262,334,37,0.4866765369436722,-0.3935927441265064
R016,1568635200,157,1105,948,1262,37,2.2908613519746917,1.5576500433416591
R016,1568649600,305,333,28,638,37,-0.1287451055013111,0.24560747935444438
R016,1568664000,923,387,-536,1310,37,-1.6120690642148607,1.6585763944175986
R016,1568678400,164,82,-82,246,38,-0.41431070158857913,-0.5758041479009608
R016,1568692800,37,12,-25,49,38,-0.2678026041582898,-0.9822367975966229
R016,1568707200,36,333,297,369,38,0.5598396304479056,-0.3220416305782886
R016,1568721600,144,1144,1000,1288,38,2.3667728320881403,1.5739563647024901
R016,1568736000,309,340,31,649,38,-0.12386482422677757,0.2556291405627539
R016,1568750400,994,397,-597,1391,38,-1.7380242134587365,1.7864566840865164
R016,1568764800,180,83,-97,263,38,-0.4528654640702342,-0.5407312796531119
R016,1568779200,58,18,-40,76,38,-0.3063573666399449,-0.9265328303794509
R016,1568793600,37,315,278,352,38,0.5110035979711426,-0.3571144988261376
R016,1568808000,171,1079,908,1250,38,2.130303622200656,1.495558188619063
R016,1568822400,332,360,28,692,38,-0.13157577672310858,0.34434286613084253
R016,1568836800,963,415,-548,1378,38,-1.6120786560186633,1.7596362554263967
R016,1568851200,188,79,-109,267,38,-0.48370927405555825,-0.5324788400653826
R016,1568865600,69,19,-50,88,38,-0.332060541627715,-0.9017755116162633
R016,1568880000,37,299,262,336,38,0.4698785179907105,-0.39012425717705435
R016,1568894400,193,1139,946,1332,38,2.227975687154182,1.664733200167511
R016,1568908800,312,443,131,755,38,0.13316692565092292,0.4743187896375771
R016,1568923200,1000,404,-596,1404,38,-1.7354538959599595,1.8132771127466363
R016,1568937600,204,103,-101,307,38,-0.46314673406534224,-0.4499544441880909
R016,1568952000,65,18,-47,83,38,-0.32434958913138395,-0.9120910611009249
R016,1568966400,33,254,221,287,38,0.36449550054085333,-0.49121664212673677
R016,1568980800,139,1112,973,1251,38,2.297374259621161,1.4976212985159951
R016,1568995200,334,385,51,719,38,-0.07245847425123747,0.4000468333480145
R016,1569009600,834,378,-456,1212,38,-1.3756094461311787,1.4171600125356356
R016,1569024000,154,103,-51,257,38,-0.334630859126492,-0.5531099390347056
R016,1569038400,48,28,-20,76,38,-0.2549510166644048,-0.9265328303794509
R016,1569052800,15,52,37,67,38,-0.10844291923411553,-0.9451008194518415
R016,1569067200,75,124,49,199,38,-0.07759910924879147,-0.6727703130567787
R016,1569081600,110,182,72,292,38,-0.018481806776920365,-0.48090109264207526
R016,1569096000,143,143,0,286,38,-0.2035446666888647,-0.493279752023669
R016,1569110400,82,66,-16,148,38,-0.24466974666929678,-0.7779889178003256
R016,1569124800,28,18,-10,46,38,-0.22924784167663476,-0.9884261272874197
R016,1569139200,11,24,13,35,38,-0.17013053920476365,-1.011120336153675
R016,1569153600,45,107,62,152,38,-0.04418498176469041,-0.7697364782125965
R016,1569168000,134,127,-7,261,38,-0.22153688918030376,-0.5448574994469764
R016,1569182400,109,110,1,219,38,-0.20097434919008772,-0.6315081151181328
R016,1569196800,65,68,3,133,38,-0.1958337141925337,-0.8089355662543101
R016,1569211200,13,12,-1,25,38,-0.2061149841876417,-1.031751435122998
R016,1569225600,36,321,285,357,38,0.5289958204625816,-0.34679894934147615
R016,1569240000,163,1170,1007,1333,38,2.3847650545795793,1.6667963100644434
R016,1569254400,340,385,45,725,38,-0.08788037924389949,0.41242549272960827
R016,1569268800,960,439,-521,1399,38,-1.542680083551684,1.8029615632619749
R016,1569283200,173,80,-93,253,39,-0.44020272407418,-0.6534477145673399
R016,1569297600,63,18,-45,81,39,-0.316343869680105,-1.0171511038912064
R016,1569312000,37,328,291,365,39,0.5506681110784194,-0.4166176005890082
R016,1569326400,230,1265,1035,1495,39,2.4704803541865807,1.972829085085231
R016,1569340800,351,427,76,778,39,-0.004116340895041198,0.45669344470608986
R016,1569355200,973,427,-546,1400,39,-1.609120662418262,1.7719463991214677
R016,1569369600,209,105,-104,314,39,-0.46858704487282216,-0.5244598846327128
R016,1569384000,84,12,-72,96,39,-0.3860144752767722,-0.9854327850548227
R016,1569398400,39,277,238,316,39,0.4139072926849616,-0.5202307754545283
R016,1569412800,206,1251,1045,1457,39,2.4962842821853464,1.8924760106997256
R016,1569427200,301,424,123,725,39,0.11716212069915716,0.3446220514842008
R016,1569441600,948,450,-498,1398,39,-1.485261808024187,1.7677172899432831
R016,1569456000,217,107,-110,324,39,-0.4840694016720815,-0.5033143387417903
R016,1569470400,70,18,-52,88,39,-0.334406619279241,-1.0023492217675607
R016,1569484800,41,293,252,334,39,0.4500327918832335,-0.4821687928508679
R016,1569499200,173,1048,875,1221,39,2.057617506206331,1.3934411276739553
R016,1569513600,372,447,75,819,39,-0.006696733694917759,0.543390182858872
R016,1569528000,996,433,-563,1429,39,-1.6529873400161634,1.8332684822051428
R016,1569542400,205,90,-115,295,39,-0.49697136567146427,-0.5646364218254655
R016,1569556800,69,16,-53,85,39,-0.3369870120791175,-1.0086928855348374
R016,1569571200,34,295,261,329,39,0.47325632708212256,-0.4927415657963291
R016,1569585600,165,1149,984,1314,39,2.338880321392876,1.5900947044595344
R016,1569600000,372,431,59,803,39,-0.04798301849294273,0.509557309433396
R016,1569614400,837,332,-505,1169,39,-1.503324557623323,1.2834842890411584
R016,1569628800,148,126,-22,274,39,-0.25699483528294415,-0.6090420681964027
R016,1569643200,75,33,-42,108,39,-0.30860269128047535,-0.9600581299857157
R016,1569657600,36,62,26,98,39,-0.13313598088886924,-0.9812036758766381
R016,1569672000,130,173,43,303,39,-0.0892693032909677,-0.5477199851127276
R016,1569686400,205,279,74,484,39,-0.009277126494794318,-0.16498560448703078
R016,1569700800,269,277,8,546,39,-0.17958305128664734,-0.03388321996331147
R016,1569715200,152,117,-35,269,39,-0.29053994168133945,-0.6196148411418639
R016,1569729600,54,32,-22,86,39,-0.25699483528294415,-1.0065783309457452
R016,1569744000,22,33,11,55,39,-0.17184187288701763,-1.072129523207605
R016,1569758400,102,116,14,218,39,-0.16410069448738795,-0.7274571251855685
R016,1569772800,170,210,40,380,39,-0.09701048169059738,-0.3848992817526245
R016,1569787200,204,197,-7,401,39,-0.21828894328479573,-0.3404936353816873
R016,1569801600,104,100,-4,204,39,-0.21054776488516605,-0.75706088943286
R016,1569816000,19,13,-6,32,39,-0.2157085504849192,-1.1207642787567265
R016,1569830400,30,278,248,308,39,0.43971122068372726,-0.5371472121672662
R016,1569844800,133,1024,891,1157,39,2.0989037910043558,1.2581096339720514
R016,1569859200,255,299,44,554,39,-0.08668891049109113,-0.016966783250573495
R016,1569873600,900,340,-560,1240,39,-1.6452461616165337,1.433617664866708
R016,1569888000,151,70,-81,221,40,-0.41650786383615995,-0.4782697618120211
R016,1569902400,49,12,-37,61,40,-0.2914986823300819,-0.8159116691978461
R016,1569916800,39,334,295,373,40,0.6517524144885068,-0.15750994979548733
R016,1569931200,149,1220,1071,1369,40,2.856459797413883,1.9443109236812732
R016,1569945600,295,343,48,638,40,-0.050003672602431194,0.4017094593122853
R016,1569960000,941,340,-601,1281,40,-1.8938890998170823,1.7586078746190694
R016,1569974400,168,88,-80,256,40,-0.4136667460746582,-0.40441059457137185
R016,1569988800,45,13,-32,58,40,-0.2772930935225731,-0.8222424549613303
R016,1570003200,39,295,256,334,40,0.5409488217899376,-0.23981016472078218
R016,1570017600,161,1022,861,1183,40,2.2598250674985105,1.5518022063452517
R016,1570032000,300,410,110,710,40,0.12614562861067877,0.5536483176359066
R016,1570046400,1002,438,-564,1440,40,-1.7887677426415167,2.094139520083733
R016,1570060800,203,91,-112,294,40,-0.504582514442715,-0.3242206415672384
R016,1570075200,45,14,-31,59,40,-0.2744519757610713,-0.8201321930401688
R016,1570089600,36,318,282,354,40,0.6148178835889838,-0.19760492629755405
R016,1570104000,179,1187,1008,1366,40,2.6774693784392714,1.937980137917789
R016,1570118400,319,445,126,764,40,0.17160351279470715,0.6676024613786224
R016,1570132800,1035,476,-559,1511,40,-1.7745621538340077,2.2439681164861933
R016,1570147200,196,114,-82,310,40,-0.41934898159766176,-0.2904564508286559
R016,1570161600,47,11,-36,58,40,-0.28865756456858016,-0.8222424549613303
R016,1570176000,41,314,273,355,40,0.5892478237354678,-0.19549466437639265
R016,1570190400,164,1023,859,1187,40,2.254142831975507,1.5602432540298974
R016,1570204800,360,412,52,772,40,-0.038639201556424106,0.6844845567479138
R016,1570215809,751,339,-412,1090,40,-1.3569178428932471,1.355547847677241
R016,1570215887,4,3,-1,7,40,-0.1892184429160181,-0.929865812940562
R016,1570215968,4,9,5,13,40,-0.17217173634700744,-0.9172042414135936
R016,1570216049,6,0,-6,6,40,-0.20342403172352697,-0.9319760748617234
R016,1570216130,4,4,0,8,40,-0.18637732515451633,-0.9277555510194005
R016,1570216210,5,2,-3,7,40,-0.19490067843902165,-0.929865812940562
R016,1570216291,4,1,-3,5,40,-0.19490067843902165,-0.9340863367828848
R016,1570216371,4,0,-4,4,40,-0.19774179620052343,-0.9361965987040463
R016,1570219200,84,68,-16,152,40,-0.2318352093385447,-0.623877834372158
R016,1570233600,164,109,-55,273,40,-0.3426388020371139,-0.3685361419116279
R016,1570248000,51,21,-30,72,40,-0.2716108579995695,-0.7926987880650705
R016,1570262400,19,55,36,74,40,-0.08409708574045248,-0.7884782642227478
R016,1570276800,85,143,58,228,40,-0.021592494987413464,-0.4634979283638912
R016,1570291200,148,195,47,343,40,-0.05284479036393297,-0.22081780743032953
R016,1570305600,155,199,44,354,40,-0.06136814364843829,-0.19760492629755405
R016,1570320000,100,82,-18,182,40,-0.23751744486154824,-0.5605699767373159
R016,1570334400,40,16,-24,56,40,-0.2545641514305589,-0.826462978803653
R016,1570348800,13,29,16,42,40,-0.14091944097048795,-0.8560066456999128
R016,1570363200,75,108,33,183,40,-0.0926204390249578,-0.5584597148161545
R016,1570377600,107,169,62,276,40,-0.010228023941406369,-0.36220535614814375
R016,1570392000,126,133,7,259,40,-0.1664895008240039,-0.3980798088078876
R016,1570406400,69,58,-11,127,40,-0.21762962053103582,-0.6766343824011932
R016,1570420800,31,46,15,77,40,-0.14376055873198973,-0.7821474784592636
R016,1570435200,43,285,242,328,40,0.5011731731289129,-0.2524717362477506
R016,1570449600,169,1031,862,1200,40,2.2626661852600125,1.5876766590049955
R016,1570464000,300,347,47,647,40,-0.05284479036393297,0.420701816602738
R016,1570478400,1026,389,-637,1415,40,-1.9961693392311461,2.041382972054698
R016,1570492800,197,91,-106,288,41,-0.4789226749869521,-0.49157566921419676
R016,1570507200,43,13,-30,56,41,-0.27163844738581977,-1.0082311886644322
R016,1570521600,34,329,295,363,41,0.6147743680137594,-0.32455341077123273
R016,1570536000,169,1150,981,1319,41,2.4857872645187173,1.8044236435150827
R016,1570550400,334,360,26,694,41,-0.11890270073235382,0.41257148982371533
R016,1570564800,1005,368,-637,1373,41,-1.9271848441474952,1.9246796695940167
R016,1570579200,213,86,-127,299,41,-0.5361985799820018,-0.4670790713092287
R016,1570593600,40,20,-20,60,41,-0.24436420691198657,-0.9993233348808075
R016,1570608000,30,294,264,324,41,0.5302242225448764,-0.41140498516157403
R016,1570622400,158,1013,855,1171,41,2.142131834548419,1.4748330535209668
R016,1570636800,283,347,64,630,41,-0.015260586931787645,0.27004582928571935
R016,1570651200,882,343,-539,1225,41,-1.6598972875039297,1.595089079599901
R016,1570665600,192,110,-82,302,41,-0.4134644978497524,-0.46039818097151014
R016,1570680000,34,12,-22,46,41,-0.2498190550067532,-1.0305008231234942
R016,1570694400,33,310,277,343,41,0.5656807351608596,-0.36909267968935644
R016,1570708800,187,1132,945,1319,41,2.387599998812918,1.8044236435150827
R016,1570723200,357,446,89,803,41,0.05292501425279537,0.6553105054274898
R016,1570737600,991,399,-592,1390,41,-1.804450762015246,1.962538048174422
R016,1570752000,217,139,-78,356,41,-0.4025548016602192,-0.34014215489257604
R016,1570766400,30,20,-10,50,41,-0.21708996643815337,-1.0215929693398693
R016,1570780800,29,288,259,317,41,0.5165871023079599,-0.42699372928291734
R016,1570795200,176,1028,852,1204,41,2.133949562406269,1.5483228472358712
R016,1570809600,373,411,38,784,41,-0.08617361216375398,0.6129981999552723
R016,1570824000,857,403,-454,1260,41,-1.4280662434763476,1.6730328002066177
R016,1570838400,143,128,-15,271,41,-0.23072708667506997,-0.529434047794602
R016,1570852800,41,23,-18,64,41,-0.23890935881721992,-0.9904154810971828
R016,1570867200,19,45,26,64,41,-0.11890270073235382,-0.9904154810971828
R016,1570881600,85,139,54,224,41,-0.04253482740562085,-0.6341013297521928
R016,1570896000,145,205,60,350,41,-0.026170283121320928,-0.35350393556801313
R016,1570910400,156,181,25,337,41,-0.12163012477973714,-0.3824544603647936
R016,1570924800,91,96,5,187,41,-0.17617860572740354,-0.7164989772507218
R016,1570939200,30,31,1,61,41,-0.18708830191693684,-0.9970963714349014
R016,1570953600,14,31,17,45,41,-0.14344951715880372,-1.0327277865694005
R016,1570968000,76,112,36,188,41,-0.09162846025852062,-0.7142720138048155
R016,1570982400,121,194,73,315,41,0.00928622949466224,-0.4314476561747297
R016,1570996800,122,162,40,284,41,-0.08071876406898734,-0.5004835229978215
R016,1571011200,64,65,1,129,41,-0.18708830191693684,-0.8456628571132806
R016,1571025600,12,10,-2,22,41,-0.1952705740590868,-1.0839479458252426
R016,1571040000,26,235,209,261,41,0.38021589993879384,-0.5517036822536638
R016,1571054400,133,878,745,1011,41,1.8421151893362537,1.1185189021759767
R016,1571068800,264,240,-24,504,41,-0.2552739031015199,-0.010551564898460276
R016,1571083200,816,258,-558,1074,41,-1.711718344404213,1.2588175992680668
R016,1571097600,149,79,-70,228,42,-0.39281196893891573,-0.7059421472634699
R016,1571112000,43,11,-32,54,42,-0.295719216511084,-1.0670414131836379
R016,1571126400,38,313,275,351,42,0.48868802020850394,-0.45068232135438574
R016,1571140800,152,1205,1053,1357,42,2.4765343725467432,1.6370525149426771
R016,1571155200,332,398,66,730,42,-0.045322118144570586,0.33584998774758923
R016,1571169600,998,401,-597,1399,42,-1.739335140767003,1.7242144067165106
R016,1571184000,180,120,-60,300,42,-0.3672612446158021,-0.5565217613654695
R016,1571198400,42,13,-29,55,42,-0.2880539992141499,-1.0649661300461657
R016,1571212800,35,292,257,327,42,0.44269671642689945,-0.5004891166537192
R016,1571227200,160,1161,1001,1321,42,2.3436706060665524,1.5623423219936767
R016,1571241600,343,474,131,817,42,0.1207575899556679,0.5163996207076732
R016,1571256000,945,613,-332,1558,42,-1.0622409462044924,2.0541844255745954
R016,1571270400,188,97,-91,285,42,-0.4464684900174543,-0.5876510084275529
R016,1571284800,45,14,-31,59,42,-0.29316414407877267,-1.0566649974962767
R016,1571299200,41,296,255,337,42,0.43758657156227676,-0.479736285278997
R016,1571313600,201,1149,948,1350,42,2.2082517671540502,1.6225255329803714
R016,1571328000,357,411,54,768,42,-0.07598298733230692,0.41471074697153393
R016,1571342400,972,385,-587,1357,42,-1.7137844164438896,1.6370525149426771
R016,1571356800,223,140,-83,363,42,-0.42602791055896344,-0.425778923704719
R016,1571371200,45,15,-30,60,42,-0.29060907164646127,-1.0545897143588046
R016,1571385600,29,266,237,295,42,0.3915952677806722,-0.5668981770528306
R016,1571400000,156,1158,1002,1314,42,2.3462256784988638,1.5478153400313712
R016,1571414400,391,402,11,793,42,-0.18585110192169546,0.46659282540833963
R016,1571428800,867,393,-474,1260,42,-1.4250612315927056,1.4357500506078709
R016,1571443200,153,121,-32,274,42,-0.295719216511084,-0.6104791229397474
R016,1571457600,96,42,-54,138,42,-0.35193081002193394,-0.8927176296359706
R016,1571472000,33,67,34,100,42,-0.12708443597853417,-0.9715783888599153
R016,1571486400,117,201,84,318,42,0.000669185637033921,-0.5191666648909693
R016,1571500800,188,276,88,464,42,0.010889475366279367,-0.21617532682002383
R016,1571515200,285,276,-9,561,42,-0.2369525505679227,-0.014872862485217565
R016,1571529600,179,141,-38,320,42,-0.3110496511049522,-0.5150160986160248
R016,1571544000,49,38,-11,87,42,-0.2420626954325454,-0.9985570696470543
R016,1571558400,31,32,1,63,42,-0.21140182624480908,-1.0483638649463878
R016,1571572800,122,113,-9,235,42,-0.2369525505679227,-0.6914151653011643
R016,1571587200,195,213,18,408,42,-0.16796559489551594,-0.33239118251846866
R016,1571601600,212,168,-44,380,42,-0.3263800856988203,-0.3904991103676911
R016,1571616000,93,58,-35,151,42,-0.3033844338080181,-0.8657389488488316
R016,1571630400,21,9,-12,30,42,-0.24461776786485678,-1.1168482084829714
R016,1571644800,37,328,291,365,42,0.5295691791254857,-0.4216283574297745
R016,1571659200,151,1089,938,1240,42,2.182701042830937,1.3942443878584263
R016,1571673600,299,342,43,641,42,-0.1040887840877319,0.15114978851256078
R016,1571688000,980,370,-610,1350,42,-1.7725510823870507,1.6225255329803714
R016,1571702400,165,101,-64,266,43,-0.35604855098150395,-0.6211895241213643
R016,1571716800,44,10,-34,54,43,-0.28269649502390176,-1.0496890223222186
R016,1571731200,36,304,268,340,43,0.45571420161596027,-0.47161894456068876
R016,1571745600,185,1209,1024,1394,43,2.3041860117475355,1.6587512021548791
R016,1571760000,313,455,142,768,43,0.14763556659403107,0.39346494803348875
R016,1571774400,1019,410,-609,1429,43,-1.6886109008779435,1.7294940438389825
R016,1571788800,169,83,-86,252,43,-0.40984005868374557,-0.6494866607950056
R016,1571803200,41,9,-32,50,43,-0.27780635796006165,-1.0577739185146875
R016,1571817600,34,299,265,333,43,0.44837899602020004,-0.4857675128975094
R016,1571832000,165,1260,1095,1425,43,2.4777858775138606,1.7214091476465134
R016,1571846400,332,469,137,801,43,0.1354102239344307,0.4601653416213576
R016,1571860800,1015,434,-581,1449,43,-1.6201489819841817,1.7699185248013272
R016,1571875200,190,106,-84,296,43,-0.4049499216199054,-0.5605528026778471
R016,1571889600,48,16,-32,64,43,-0.27780635796006165,-1.0294767818410462
R016,1571904000,34,300,266,334,43,0.4508240645521201,-0.48374628884939214
R016,1571918400,201,1204,1003,1405,43,2.252839572577214,1.6809846666841688
R016,1571932800,323,406,83,729,43,0.003376523210746764,0.3146372101569165
R016,1571947200,992,409,-583,1401,43,-1.6250391190480218,1.6728997704917
R016,1571961600,180,119,-61,299,43,-0.3487133453857437,-0.5544891305334955
R016,1571976000,38,20,-18,58,43,-0.2435753985131806,-1.0416041261297495
R016,1571990400,27,287,260,314,43,0.4361536533605997,-0.5241707698117369
R016,1572004800,162,1128,966,1290,43,2.1623720368961714,1.4485439011506864
R016,1572019200,361,429,68,790,43,-0.03329950476805433,0.437931877092068
R016,1572033600,870,402,-468,1272,43,-1.3438562378772134,1.4121618682845762
R016,1572048000,162,88,-74,250,43,-0.3804992363007047,-0.65352910889124
R016,1572062400,95,44,-51,139,43,-0.32426266006654303,-0.8778849782322534
R016,1572076800,36,67,31,103,43,-0.12376704044909703,-0.9506490439644739
R016,1572091200,131,178,47,309,43,-0.08464594393837586,-0.534276890052323
R016,1572105600,257,226,-31,483,43,-0.27536128942814153,-0.18258390567992383
R016,1572120000,301,252,-49,553,43,-0.31937252300270286,-0.04109822231171723
R016,1572134400,181,139,-42,320,43,-0.30225704327926234,-0.5120434255230335
R016,1572148800,50,37,-13,87,43,-0.23135005585358023,-0.9829886287343498
R016,1572163200,30,30,0,60,43,-0.19956416493861928,-1.037561678033515
R016,1572177600,103,165,62,268,43,-0.04796991595957477,-0.6171470760251299
R016,1572192000,189,180,-9,369,43,-0.22156978172589994,-0.41300344716528886
R016,1572206400,235,131,-104,366,43,-0.4538512922583069,-0.4190671193096406
R016,1572220800,114,65,-49,179,43,-0.31937252300270286,-0.7970360163075639
R016,1572235200,13,12,-1,25,43,-0.20200923347053937,-1.1083045197176185
R016,1572249600,36,311,275,347,43,0.4728296813394008,-0.4574703762238681
R016,1572264000,159,1186,1027,1345,43,2.3115212173432957,1.5597112237971347
R016,1572278400,285,341,56,626,43,-0.0626403271510952,0.10645113320084108
R016,1572292800,1005,433,-572,1438,43,-1.5981433651969008,1.7476850602720375
R016,1572307200,175,85,-90,260,44,-0.46096985539136903,-0.569384822111701
R016,1572321600,40,12,-28,52,44,-0.30429652106278793,-0.9884580486560604
R016,1572336000,41,293,252,334,44,0.4032604726791909,-0.42029146266803474
R016,1572350400,180,1177,997,1357,44,2.2858674738855274,1.6408234928842709
R016,1572364800,301,393,92,694,44,-0.0010578094590827035,0.3050275832741256
R016,1572379200,1014,483,-531,1497,44,-1.5753721205349858,1.9228920107506666
R016,1572393600,196,98,-98,294,44,-0.4811857694982827,-0.5008824677727192
R016,1572408000,40,17,-23,57,44,-0.2916615747459669,-0.9783841730179748
R016,1572422400,36,318,282,354,44,0.4790701505801172,-0.3799959601156925
R016,1572436800,172,1231,1059,1403,44,2.4425408082141087,1.7335031487546582
R016,1572451200,320,428,108,748,44,0.03937401875474466,0.4138254401654497
R016,1572465600,1005,433,-572,1438,44,-1.6789786803329183,1.804020278221257
R016,1572480000,198,119,-79,317,44,-0.4331729734943627,-0.45454263983752563
R016,1572494400,48,13,-35,61,44,-0.32198544590633743,-0.9703250725075063
R016,1572508800,31,316,285,347,44,0.48665111837020986,-0.3940993860090123
R016,1572523200,184,1255,1071,1439,44,2.4728646793744793,1.806035053348874
R016,1572537600,369,387,18,756,44,-0.18805501494803425,0.42994364118638656
R016,1572552000,901,379,-522,1280,44,-1.5526292171647078,1.4856858080577533
R016,1572566400,150,150,0,300,44,-0.23354082168859006,-0.4887938170070165
R016,1572580800,34,26,-8,60,44,-0.25375673579550373,-0.9723398476351235
R016,1572595200,34,270,236,304,44,0.36282864446536356,-0.4807347164965481
R016,1572609600,165,1048,883,1213,44,1.9977906978620075,1.3506958745074067
R016,1572624000,333,439,106,772,44,0.03432004022801624,0.46218004322826034
R016,1572638400,842,419,-423,1261,44,-1.302457280091651,1.447405080633028
R016,1572652800,172,102,-70,274,44,-0.4104300701240848,-0.5411779703250614
R016,1572667200,57,25,-32,82,44,-0.3144044781162448,-0.928014794827547
R016,1572681600,16,70,54,86,44,-0.0970834014669227,-0.9199556943170786
R016,1572696000,84,200,116,284,44,0.05958993286165834,-0.5210302190488904
R016,1572710400,142,281,139,423,44,0.11771068591903518,-0.24097647631011176
R016,1572724800,164,210,46,374,44,-0.11729931557383637,-0.33970045756335027
R016,1572739200,90,96,6,186,44,-0.21837888610840478,-0.7184781815553674
R016,1572750000,39,31,-8,70,44,-0.25375673579550373,-0.9521920963589523
R016,1572764400,11,19,8,30,44,-0.21332490758167635,-1.0327831014636368
R016,1572778800,66,91,25,157,44,-0.17036609010448478,-0.7769066602562635
R016,1572793200,125,200,75,325,44,-0.044016626936274277,-0.4384244388165887
R016,1572807600,132,149,17,281,44,-0.19058200421139848,-0.5270745444317416
R016,1572822000,71,50,-21,121,44,-0.2866075962192385,-0.8494385648504796
R016,1572836400,24,14,-10,38,44,-0.2588107143222321,-1.0166649004427
R016,1572850800,19,128,109,147,44,0.04190100801810887,-0.7970544115324347
R016,1572865200,143,1253,1110,1396,44,2.571417260645683,1.7193997228613382
R016,1572879600,224,377,153,601,44,0.1530885356061341,0.11765349640573419
R016,1572894000,1004,442,-562,1446,44,-1.6537087876992762,1.820138479242194
R016,1572908400,287,126,-161,413,44,-0.640386093090228,-0.2611242275862829
R016,1572922800,69,21,-48,90,45,-0.3294783982478561,-0.9067499079935828
R016,1572937200,22,145,123,167,45,0.09232442817212652,-0.7516769729089054
R016,1572951600,137,1252,1115,1389,45,2.539274158047113,1.7093506462271413
R016,1572966000,237,399,162,636,45,0.18852507279422784,0.19285817715231054
R016,1572980400,975,410,-565,1385,45,-1.6047536102895579,1.7012949093396257
R016,1572994800,287,136,-151,423,45,-0.583546767378021,-0.23610981210790058
R016,1573009200,76,29,-47,105,45,-0.32701171505241755,-0.8765408946653989
R016,1573023600,16,135,119,151,45,0.08245769539037255,-0.7838999204589683
R016,1573038000,160,1267,1107,1427,45,2.5195406924836057,1.7858801466585406
R016,1573052400,277,443,166,720,45,0.1983918055759818,0.36202865179014027
R016,1573066800,950,464,-486,1414,45,-1.4098856378499167,1.7596990017741145
R016,1573081200,340,149,-191,489,45,-0.6822140951955609,-0.1031901534638915
R016,1573095600,90,24,-66,114,45,-0.37387869576574895,-0.8584154866684885
R016,1573110000,17,128,111,145,45,0.06272422982686458,-0.7959835257902419
R016,1573124400,140,1292,1152,1432,45,2.6305414362783375,1.7959498177679352
R016,1573138800,276,488,212,764,45,0.31185923256615256,0.450641757552813
R016,1573153200,970,486,-484,1456,45,-1.40495227145904,1.8442842390930294
R016,1573167600,331,155,-176,486,45,-0.6452138472639833,-0.10923195612952827
R016,1573182000,93,32,-61,125,45,-0.3615452797885565,-0.8362622102278203
R016,1573196400,19,118,99,137,45,0.03312403148160265,-0.8120949995652732
R016,1573210800,160,1050,890,1210,45,1.984270439073452,1.3488564205108138
R016,1573225200,270,452,182,722,45,0.23785873670299773,0.3660565202338981
R016,1573239600,931,481,-450,1412,45,-1.321085042814131,1.7556711333303567
R016,1573254000,230,149,-81,379,45,-0.41087894369732636,-0.3247229178705733
R016,1573268400,66,35,-31,101,45,-0.28754478392540167,-0.8845966315529146
R016,1573282800,15,32,17,47,45,-0.16914399054435392,-0.9933490795343766
R016,1573297200,60,127,67,187,45,-0.045809830772429186,-0.711398288471327
R016,1573311600,127,225,98,352,45,0.030657348286164156,-0.3790991418613043
R016,1573326000,178,204,26,382,45,-0.14694384178540748,-0.3186811152049365
R016,1573340400,130,117,-13,247,45,-0.24314448640750877,-0.5905622351585914
R016,1573354800,64,46,-18,110,45,-0.25547790238470125,-0.8664712235560043
R016,1573369200,16,18,2,34,45,-0.20614423847593136,-1.0195302244188025
R016,1573383600,47,79,32,126,45,-0.1321437426127765,-0.8342482760059414
R016,1573398000,103,168,65,271,45,-0.05074319716330618,-0.5422278138334973
R016,1573412400,140,167,27,307,45,-0.14447715858996898,-0.4697261818458559
R016,1573426800,83,71,-12,154,45,-0.24067780321207027,-0.7778581177933315
R016,1573441200,18,18,0,36,45,-0.21107760486680835,-1.0155023559750447
R016,1573455600,11,104,93,115,45,0.018323932308971683,-0.8564015524466096
R016,1573470000,120,1148,1028,1268,45,2.3246727200439645,1.4656646053797915
R016,1573484400,217,387,170,604,45,0.20825853835773578,0.1284122820521849
R016,1573498800,816,368,-448,1184,45,-1.316151676423254,1.2964941307419617
R016,1573513200,264,123,-141,387,45,-0.5588799354236361,-0.30861144409554186
R016,1573527600,68,19,-49,87,46,-0.33285163611909346,-0.9011655754282111
R016,1573542000,21,114,93,135,46,-0.005326944184714087,-0.8092759492047892
R016,1573556400,125,1343,1218,1468,46,2.589498960224982,1.7425755457081555
R016,1573570800,288,421,133,709,46,0.08693353241651955,0.2895708310502973
R016,1573585200,941,480,-461,1421,46,-1.2831345451118001,1.6526002866977216
R016,1573599600,331,133,-198,464,46,-0.6765219114586888,-0.1794491361317518
R016,1573614000,88,24,-64,112,46,-0.3674493148445561,-0.8533063951035121
R016,1573628400,17,132,115,149,46,0.045416317945964416,-0.7824748082229578
R016,1573642800,139,1355,1216,1494,46,2.58488593639492,1.7923490932458424
R016,1573657200,250,452,202,702,46,0.2460828545536476,0.2761702605593816
R016,1573671600,931,470,-461,1401,46,-1.2831345451118001,1.6143129424379625
R016,1573686000,333,145,-188,478,46,-0.6534567923083804,-0.15264799514992045
R016,1573700400,88,32,-56,120,46,-0.34899721952430934,-0.8379914573996086
R016,1573714800,17,118,101,135,46,0.01312515113553264,-0.8092759492047892
R016,1573729200,150,1300,1150,1450,46,2.432656150002885,1.7081169358743722
R016,1573743600,275,473,198,748,46,0.23685680689352423,0.3642311523568275
R016,1573758000,1002,472,-530,1474,46,-1.4422838672489282,1.7540617489860832
R016,1573772400,321,193,-128,514,46,-0.5150660774065299,-0.08373077548235404
R016,1573786800,89,30,-59,119,46,-0.35591675526940186,-0.8399058246125964
R016,1573801200,16,114,98,130,46,0.006205615390440118,-0.8188477852697289
R016,1573815600,142,1262,1120,1404,46,2.3634607925519595,1.6200560440769263
R016,1573830000,263,419,156,682,46,0.1399833064622289,0.23788291629962247
R016,1573844400,871,452,-419,1323,46,-1.1862610446805049,1.4649922998249019
R016,1573858800,264,161,-103,425,46,-0.4574032795307589,-0.25410945743828206
R016,1573873200,69,44,-25,113,46,-0.2774953501583533,-0.8513920278905242
R016,1573887600,12,36,24,48,46,-0.16447626632184212,-0.9758258967347413
R016,1573902000,53,129,76,182,46,-0.044537646740238385,-0.7193006901943553
R016,1573916400,135,209,74,344,46,-0.049150670570300065,-0.40917320169030647
R016,1573930800,178,197,19,375,46,-0.17600882589699632,-0.3498278180876799
R016,1573945200,118,112,-6,230,46,-0.23367162377276735,-0.6274110639709334
R016,1573959600,61,42,-19,103,46,-0.26365627866816826,-0.8705357000204037
R016,1573974000,12,11,-1,23,46,-0.22213906419761315,-1.0236850770594401
R016,1573988400,48,89,41,137,46,-0.1252655637663178,-0.8054472147788133
R016,1574002800,104,168,64,272,46,-0.07221578972060848,-0.5470076410254393
R016,1574017200,136,171,35,307,46,-0.13910463525650285,-0.4800047885708608
R016,1574031600,71,61,-10,132,46,-0.2428976714328907,-0.815019050843753
R016,1574046000,21,18,-3,39,46,-0.22675208802767483,-0.9930552016516329
R016,1574060400,17,120,103,137,46,0.017738174965594322,-0.8054472147788133
R016,1574074800,139,1248,1109,1387,46,2.33808916148662,1.5875118014561311
R016,1574089200,230,357,127,587,46,0.07309446092633451,0.05601803106576671
R016,1574103600,983,461,-522,1444,46,-1.4238317719286815,1.6966307325964445
R016,1574118000,294,127,-167,421,46,-0.6050200420927327,-0.2617669262902339
R016,1574132400,75,18,-57,93,47,-0.3341677963226645,-0.9794045588604792
R016,1574146800,21,124,103,145,47,0.04936894002034243,-0.8758852462460821
R016,1574161200,146,1302,1156,1448,47,2.5735200860777567,1.7180698371492904
R016,1574175600,249,414,165,663,47,0.19798942535325761,0.15532636787425785
R016,1574190000,970,461,-509,1431,47,-1.4176590764916592,1.6842269849484297
R016,1574204400,294,156,-138,450,47,-0.5283332690963117,-0.26870466264240706
R016,1574218800,80,27,-53,107,47,-0.3245793779140893,-0.9515339746950645
R016,1574233200,19,141,122,160,47,0.0949139274610745,-0.8460239060688521
R016,1574247600,141,1304,1163,1445,47,2.5902998182927632,1.7120975691138445
R016,1574262000,269,448,179,717,47,0.2315488897832707,0.2628271925122856
R016,1574276400,982,477,-505,1459,47,-1.408070658083084,1.739968153279259
R016,1574290800,359,167,-192,526,47,-0.6577769176120767,-0.11740720574444209
R016,1574305200,83,32,-51,115,47,-0.3197851687098017,-0.9356079266005419
R016,1574319600,20,113,93,133,47,0.02539789399890449,-0.899774318387866
R016,1574334000,172,1195,1023,1367,47,2.2547051739926323,1.5568186001922488
R016,1574348400,262,447,185,709,47,0.24593151739613348,0.24690114441776295
R016,1574362800,920,450,-470,1370,47,-1.3241719970080512,1.5627908682276948
R016,1574377200,338,175,-163,513,47,-0.5882608841499066,-0.14328703389804137
R016,1574391600,87,39,-48,126,47,-0.3125938549033704,-0.9137096104705733
R016,1574406000,17,117,100,134,47,0.042177626213911044,-0.8977835623760507
R016,1574420400,153,1229,1076,1382,47,2.381751717906253,1.5866799403694787
R016,1574434800,292,465,173,757,47,0.21716626217040796,0.34245743298489867
R016,1574449200,909,485,-424,1394,47,-1.2139051853094367,1.6105690125112626
R016,1574463600,269,144,-125,413,47,-0.49717090926844243,-0.34236263507957415
R016,1574478000,127,42,-85,169,47,-0.4012867251826907,-0.8281071019625142
R016,1574492400,23,36,13,59,47,-0.16637047417259898,-1.0470902632622003
R016,1574506800,115,149,34,264,47,-0.11603127752757932,-0.638985280840058
R016,1574521200,244,314,70,558,47,-0.029735511850402754,-0.053703013366351596
R016,1574535600,327,277,-50,604,47,-0.31738806410765796,0.03787176317715349
R016,1574550000,190,143,-47,333,47,-0.31019675030122656,-0.5016231160248004
R016,1574564400,101,56,-45,157,47,-0.305402541096939,-0.8519961741042982
R016,1574578800,18,20,2,38,47,-0.1927386247961807,-1.0888961395103223
R016,1574593200,79,101,22,180,47,-0.14479653275330484,-0.8062087858325456
R016,1574607600,171,217,46,388,47,-0.08726602230185379,-0.3921315353749574
R016,1574622000,224,211,-13,435,47,-0.2286951938283376,-0.29856600281963697
R016,1574636400,130,78,-52,208,47,-0.32218227331194554,-0.7504676175017164
R016,1574650800,47,29,-18,76,47,-0.24068071683905656,-1.0132474110613396
R016,1574665200,14,118,104,132,47,0.05176604462248622,-0.9017650743996813
R016,1574679600,147,1250,1103,1397,47,2.4464735421641355,1.6165412805467085
R016,1574694000,238,419,181,657,47,0.23634309898755831,0.1433818318033659
R016,1574708400,930,486,-444,1416,47,-1.2618472773523126,1.6543656447711999
R016,1574722800,302,139,-163,441,47,-0.5882608841499066,-0.286621466748745
R016,1574737200,75,24,-51,99,48,-0.3646359564037822,-0.6671729933627101
R016,1574751600,22,117,95,139,48,0.12993331691362378,-0.5668013063519325
R016,1574766000,138,1218,1080,1356,48,3.4665821814180413,2.4870072709509743
R016,1574780400,260,436,176,696,48,0.40431763978149976,0.8308744352731448
R016,1574794800,896,433,-463,1329,48,-1.7602697961761882,2.419256382218699
R016,1574809200,271,164,-107,435,48,-0.5543337598679927,0.17594917752782127
R016,1574823600,82,25,-57,107,48,-0.3849607210606619,-0.6470986559605546
R016,1574838000,19,89,70,108,48,0.04524679750995837,-0.6445893637852851
R016,1574852400,121,871,750,992,48,2.348720125289658,1.5736249191528986
R016,1574866800,432,413,-19,845,48,-0.2562372115670905,1.204758969388291
R016,1574881200,583,339,-244,922,48,-1.0184158862000794,1.397974466884038
R016,1574895600,170,126,-44,296,48,-0.3409237309707559,-0.1728424348346307
R016,1574910000,71,31,-40,102,48,-0.32737388786616944,-0.6596451168369017
R016,1574924400,10,15,5,25,48,-0.1749381529395717,-0.8528606143326485
R016,1574938800,37,96,59,133,48,0.007984728972345586,-0.5818570594035491
R016,1574953200,104,90,-14,194,48,-0.23929990768635742,-0.4287902367121134
R016,1574967600,73,102,29,175,48,-0.09363909431205292,-0.47646678804223275
R016,1574982000,52,63,11,115,48,-0.15461338828269203,-0.627024318558399
R016,1574996400,22,18,-4,40,48,-0.20542529992489128,-0.8152212317036069
R016,1575010800,5,41,36,46,48,-0.0699268688790266,-0.8001654786519903
R016,1575025200,60,304,244,364,48,0.6346649725594697,-0.002210566916308859
R016,1575039600,170,188,18,358,48,-0.1309011628496657,-0.01726631996792549
R016,1575054000,224,222,-2,446,48,-0.19865037837259802,0.2035513914557851
R016,1575068400,137,87,-50,224,48,-0.3612484956276356,-0.3535114714540303
R016,1575082800,58,18,-40,76,48,-0.32737388786616944,-0.7248867133939072
R016,1575097200,15,28,13,43,48,-0.14783846673039877,-0.8076933551777986
R016,1575111600,47,108,61,155,48,0.01475965052463882,-0.5266526315476215
R016,1575126000,115,169,54,284,48,-0.008952574908387497,-0.20295394093786395
R016,1575140400,151,211,60,362,48,0.011372189748492204,-0.007229151266847736
R016,1575154800,113,92,-21,205,48,-0.2630121331193837,-0.4011880227841496
R016,1575169200,62,33,-29,95,48,-0.2901118193285567,-0.6772101620637878
R016,1575183600,13,14,1,27,48,-0.1884879960441582,-0.8478420299821097
R016,1575198000,41,58,17,99,48,-0.13428862362581231,-0.6671729933627101
R016,1575212400,81,136,55,217,48,-0.005565114132240881,-0.37107651668091635
R016,1575226800,105,106,1,211,48,-0.1884879960441582,-0.38613226973253295
R016,1575241200,73,48,-25,121,48,-0.2765619762239702,-0.6119685655067825
R016,1575255600,24,17,-7,41,48,-0.2155876822533311,-0.8127119395283375
R016,1575270000,13,110,97,123,48,0.136708238465917,-0.6069499811562435
R016,1575284400,119,1298,1179,1417,48,3.8019407982565565,2.64007409364241
R016,1575298800,243,361,118,604,48,0.20784491476499597,0.6000195551483564
R016,1575313200,872,440,-432,1312,48,-1.6552585121156433,2.376598415239119
R016,1575327600,294,93,-201,387,48,-0.8727550728257748,0.05550315311488823
R016,1575342000,73,24,-49,97,49,-0.3565455163660656,-0.9217371684868552
R016,1575356400,17,118,101,135,49,0.008636852859460871,-0.8464008382310544
R016,1575370800,157,1296,1139,1453,49,2.5356988479001035,1.7665803006411918
R016,1575385200,270,453,183,723,49,0.2082698813694153,0.31932974572712525
R016,1575399600,847,449,-398,1296,49,-1.206203162097457,1.4553223045843309
R016,1575414000,349,159,-190,508,49,-0.6998169434380603,-0.10691528072016836
R016,1575428400,83,22,-61,105,49,-0.38576010590410764,-0.9058768884330024
R016,1575442800,17,113,96,130,49,-0.0035358927813900092,-0.8563135132647124
R016,1575457200,147,1189,1042,1336,49,2.2995475824675964,1.534623704853595
R016,1575471600,283,478,195,761,49,0.2374844709074574,0.39466607598292597
R016,1575486000,925,469,-456,1394,49,-1.347407011531327,1.6496107352440275
R016,1575500400,390,171,-219,561,49,-0.7704188681549955,-0.001840925363393659
R016,1575514800,89,29,-60,118,49,-0.3833255567759375,-0.8801039333454915
R016,1575529200,19,106,87,125,49,-0.025446834934921593,-0.8662261882983704
R016,1575543600,151,1344,1193,1495,49,2.667164500821293,1.8498467709239188
R016,1575558000,281,424,143,705,49,0.11088791624260826,0.2836441156059565
R016,1575572400,947,541,-406,1488,49,-1.2256795551228183,1.8359690258767978
R016,1575586800,378,190,-188,568,49,-0.69494784518172,0.012036819683727527
R016,1575601200,99,33,-66,132,49,-0.39793285154495855,-0.8523484432512493
R016,1575615600,25,104,79,129,49,-0.044923227960283,-0.858296048271444
R016,1575630000,123,1208,1085,1331,49,2.404233194978914,1.524711029819937
R016,1575644400,225,393,168,618,49,0.17175164444686267,0.11116357002030743
R016,1575658800,870,511,-359,1381,49,-1.1112557460988202,1.6238377801565167
R016,1575673200,280,166,-114,446,49,-0.514791209697127,-0.22983245113752743
R016,1575687600,88,50,-38,138,49,-0.3297654759561936,-0.8404532332108596
R016,1575702000,16,33,17,49,49,-0.1958652739068339,-1.016898848809972
R016,1575716400,64,123,59,187,49,-0.09361421052368651,-0.7433090178810113
R016,1575730800,141,227,86,368,49,-0.027881384063091767,-0.38447018166259206
R016,1575745200,184,229,45,413,49,-0.127697898318069,-0.29525610635967015
R016,1575759600,120,155,35,275,49,-0.15204338959977073,-0.5688459372886306
R016,1575774000,72,49,-23,121,49,-0.2932472390336409,-0.8741563283252968
R016,1575788400,13,20,7,33,49,-0.22021076518853566,-1.0486194089176775
R016,1575802800,65,77,12,142,49,-0.20803801954768478,-0.8325230931839332
R016,1575817200,101,187,86,288,49,-0.027881384063091767,-0.5430729822011199
R016,1575831600,140,178,38,318,49,-0.1447397422152602,-0.483596931999172
R016,1575846000,89,88,-1,177,49,-0.23968715821389708,-0.7631343679483273
R016,1575860400,28,17,-11,45,49,-0.26403264949559885,-1.0248289888368982
R016,1575874800,15,118,103,133,49,0.013505951115801221,-0.8503659082445176
R016,1575889200,138,1255,1117,1393,49,2.4821387670803596,1.647628200237296
R016,1575903600,224,441,217,665,49,0.2910445517272013,0.20434271533669254
R016,1575918000,878,455,-423,1333,49,-1.2670668903017113,1.5286760998334
R016,1575932400,333,155,-178,488,49,-0.6706023539000182,-0.14656598085480033
R016,1575946800,73,26,-47,99,50,-0.40500332884354473,-0.9323464339775831
R016,1575961200,21,114,93,135,50,-0.06382573950256434,-0.8627037204031287
R016,1575975600,136,1292,1156,1428,50,2.5266869567078794,1.638630408812691
R016,1575990000,255,488,233,743,50,0.277351849838416,0.3134843310765453
R016,1576004400,954,477,-477,1431,50,-1.4529059246765557,1.644433968277229
R016,1576018800,348,175,-173,523,50,-0.7120631592504271,-0.11211002965623147
R016,1576033200,72,26,-46,98,50,-0.4025663460625377,-0.9342809537990957
R016,1576047600,16,123,107,139,50,-0.029707980568466314,-0.8549656411170782
R016,1576062000,142,1379,1237,1521,50,2.7240825619694466,1.818540752213365
R016,1576076400,252,446,194,698,50,0.1823095213791429,0.2264309391084773
R016,1576090800,894,567,-327,1461,50,-1.0873585075255054,1.7024695629226076
R016,1576105200,330,159,-171,489,50,-0.707189193688413,-0.17788370358766062
R016,1576119600,86,35,-51,121,50,-0.4147512599675727,-0.8897869979043054
R016,1576134000,15,120,105,135,50,-0.034581946130480316,-0.8627037204031287
R016,1576148400,144,1170,1026,1314,50,2.209879195176969,1.4180951491602523
R016,1576162800,262,463,201,725,50,0.19936840084619192,0.2786629742893181
R016,1576177200,923,551,-372,1474,50,-1.1970227326708205,1.7276183206022717
R016,1576191600,335,204,-131,539,50,-0.609709882448133,-0.08115771251202954
R016,1576206000,88,46,-42,134,50,-0.3928184149385097,-0.8646382402246413
R016,1576220400,17,113,96,130,50,-0.056514791159543346,-0.8723763195106918
R016,1576234800,137,1222,1085,1359,50,2.3536611792563824,1.5051485411283203
R016,1576249200,302,503,201,805,50,0.19936840084619192,0.4334245600103278
R016,1576263600,852,576,-276,1428,50,-0.9630723856941483,1.638630408812691
R016,1576278000,274,183,-91,457,50,-0.5122305712078529,-0.23978833787606452
R016,1576292400,89,46,-43,135,50,-0.39525539771951673,-0.8627037204031287
R016,1576306800,13,30,17,43,50,-0.24903643085909655,-1.0406795439822898
R016,1576321200,49,143,94,192,50,-0.061388756721557344,-0.7524360905769093
R016,1576335600,145,242,97,387,50,-0.05407780837853634,-0.37520472538194805
R016,1576350000,191,326,135,517,50,0.038527537299729755,-0.1237171485853072
R016,1576364400,130,159,29,289,50,-0.2197926374870125,-0.564787667890185
R016,1576378800,73,46,-27,119,50,-0.3562636732234047,-0.8936560375473306
R016,1576393200,24,16,-8,40,50,-0.3099610003842716,-1.0464831034468278
R016,1576407600,45,95,50,140,50,-0.16861599908586547,-0.8530311212955656
R016,1576422000,124,223,99,347,50,-0.049203842816522333,-0.4525855182424529
R016,1576436400,152,267,115,419,50,-0.010212118320410295,-0.3133000910935441
R016,1576450800,86,93,7,179,50,-0.27340625866916657,-0.7775848482565734
R016,1576465200,37,17,-20,54,50,-0.33920479375635565,-1.0193998259456512
R016,1576479600,14,111,97,125,50,-0.05407780837853634,-0.8820489186182549
R016,1576494000,138,1335,1197,1473,50,2.6266032507291666,1.7256838007807591
R016,1576508400,248,437,189,685,50,0.1701246074741079,0.20128218142881324
R016,1576522800,880,503,-377,1383,50,-1.2092076465758557,1.5515770168446232
R016,1576537200,331,156,-175,487,50,-0.7169371248124411,-0.18175274323068585
R016,1576551600,78,33,-45,111,51,-0.4264828752356935,-0.8657462037860792
R016,1576566000,13,117,104,130,51,-0.02861021077162522,-0.8270031872640239
R016,1576580400,132,1357,1225,1489,51,2.964780774894284,1.9441420471293045
R016,1576594800,279,513,234,792,51,0.3185270132574276,0.5228850726096946
R016,1576609200,855,488,-367,1343,51,-1.2863150762922706,1.6464325517493001
R016,1576623600,289,160,-129,449,51,-0.6507869276852354,-0.1765283309200417
R016,1576638000,84,27,-57,111,51,-0.4585263112999138,-0.8657462037860792
R016,1576652400,15,121,106,136,51,-0.023269638094255175,-0.8147685504675853
R016,1576666800,143,1235,1092,1378,51,2.6096326918491766,1.7178012663951916
R016,1576681200,288,475,187,763,51,0.1930235553392316,0.4637509947602417
R016,1576695600,922,584,-338,1506,51,-1.2088767724704048,1.9788068513858803
R016,1576710000,349,168,-181,517,51,-0.7896418172968565,-0.037869113893738295
R016,1576724400,95,37,-58,132,51,-0.46119659763859877,-0.8229249749985443
R016,1576738800,11,111,100,122,51,-0.03929135612636531,-0.8433160363259419
R016,1576753200,148,1408,1260,1556,51,3.05824079674826,2.080762158022868
R016,1576767600,307,494,187,801,51,0.1930235553392316,0.5412370278043523
R016,1576782000,913,524,-389,1437,51,-1.345061375743341,1.8381085282268372
R016,1576796400,272,176,-96,448,51,-0.5626674785086296,-0.17856743705278144
R016,1576810800,80,46,-34,126,51,-0.3971097255101583,-0.8351596117949829
R016,1576825200,12,98,86,110,51,-0.0766753648679556,-0.867785309918819
R016,1576839600,135,1105,970,1240,51,2.283857758529604,1.4364046200771052
R016,1576854000,311,462,151,773,51,0.09689324714657081,0.4841420560876392
R016,1576868400,746,509,-237,1255,51,-0.9391778522632177,1.4669912120682016
R016,1576882800,219,168,-51,387,51,-0.4425045932678036,-0.3029529111499066
R016,1576897200,68,46,-22,114,51,-0.365066289445938,-0.85962888538786
R016,1576911600,13,30,17,43,51,-0.26092512223722214,-1.0044054208123827
R016,1576926000,50,112,62,162,51,-0.14076223699639615,-0.7617517910163516
R016,1576940400,140,214,74,354,51,-0.10871880093217587,-0.37024341353031853
R016,1576954800,157,265,108,422,51,-0.01792906541688513,-0.2315841965040151
R016,1576969200,87,136,49,223,51,-0.1754759593993014,-0.6373663169192265
R016,1576983600,61,30,-31,91,51,-0.3890988664941032,-0.9065283264408743
R016,1576998000,9,12,3,21,51,-0.2983091309788124,-1.0492657557326572
R016,1577012400,49,83,34,132,51,-0.21553025447957674,-0.8229249749985443
R016,1577026800,105,163,58,268,51,-0.15144338235113622,-0.5456065409459375
R016,1577041200,143,225,82,368,51,-0.0873565102226957,-0.34169592767196194
R016,1577055600,70,116,46,186,51,-0.1834868184153565,-0.7128132438305975
R016,1577070000,32,19,-13,51,51,-0.34103371239777275,-0.9880925717504645
R016,1577084400,12,119,107,131,51,-0.020599351755570153,-0.824964081131284
R016,1577098800,123,758,635,881,51,1.3893118350701215,0.7043655184235329
R016,1577113200,237,368,131,605,51,0.04348752037287037,0.14157222578736023
R016,1577127600,605,424,-181,1029,51,-0.7896418172968565,1.0061532260690167
R016,1577142000,181,120,-61,301,51,-0.46920745665465385,-0.47831603856552557
R016,1577156400,60,34,-26,94,52,-0.4868161013906033,-0.8475583147214798
R016,1577170800,13,93,80,106,52,0.2224967061338496,-0.7994509448673635
R016,1577185200,112,485,373,597,52,2.183144372215592,1.1689422716635622
R016,1577199600,327,230,-97,557,52,-0.9619218498267934,1.008584372149841
R016,1577214000,293,232,-61,525,52,-0.7210231604788659,0.8802980525388643
R016,1577228400,95,80,-15,175,52,-0.4132081685342921,-0.5228335682061946
R016,1577242800,48,21,-27,69,52,-0.4935077316502679,-0.9477820019175554
R016,1577257200,8,17,9,25,52,-0.25260904230234055,-1.1241756913826486
R016,1577271600,29,48,19,77,52,-0.18569273970569403,-0.9157104220148112
R016,1577286000,53,74,21,127,52,-0.17230947918636472,-0.7152630476226599
R016,1577300400,92,115,23,207,52,-0.15892621866703543,-0.39454724859521784
R016,1577314800,55,62,7,117,52,-0.2659923028216698,-0.7553525225010902
R016,1577329200,22,22,0,44,52,-0.31283371463932236,-1.0480056891136311
R016,1577343600,11,79,68,90,52,0.1421971430178738,-0.8635941046728518
R016,1577358000,77,476,399,553,52,2.357126758966873,0.992548582198469
R016,1577372400,191,245,54,436,52,0.04851431938256871,0.523501726120835
R016,1577386800,493,308,-185,801,52,-1.5507853126772826,1.9867675591835394
R016,1577401200,146,122,-24,268,52,-0.47343284087127396,-0.15000145183679328
R016,1577415600,66,31,-35,97,52,-0.5470407737275851,-0.8355314722579507
R016,1577430000,14,88,74,102,52,0.1823469245758617,-0.8154867348187356
R016,1577444400,83,533,450,616,52,2.6983999022097698,1.2451122739325797
R016,1577458800,204,307,103,511,52,0.37640420210613657,0.824172787709062
R016,1577473200,447,376,-71,823,52,-0.7879394630755125,2.074964403916086
R016,1577487600,165,148,-17,313,52,-0.4265914290536214,0.03040118511614287
