remote_unit_id,time_stamp,entries,exits,num_people_exited,sum_exit_entry,week_num,z_score_num_people_exited,z_score_sum_exit_entry
R304,1546311600,120,137,17,257,1,0.5159245055791449,-0.6182856230271011
R304,1546326000,44,38,-6,82,1,0.37019846102082504,-0.9753812798909383
R304,1546340400,171,56,-115,227,1,-0.32041627188599525,-0.679502021346616
R304,1546354800,423,182,-241,605,1,-1.1187415594663561,0.09182459747927244
R304,1546369200,432,197,-235,629,1,-1.080726069581577,0.1407977161348844
R304,1546383600,160,160,0,320,1,0.40821395090560414,-0.48973118655611964
R304,1546398000,35,25,-10,60,1,0.344854801097639,-1.0202733053252493
R304,1546412400,63,69,6,132,1,0.44622944079038324,-0.8733539493584134
R304,1546426800,639,913,274,1552,1,2.1442546556438495,2.0242222377652945
R304,1546441200,483,321,-162,804,1,-0.6182042759834315,0.49789337299872166
R304,1546455600,792,461,-331,1253,1,-1.6889739077380428,1.4140988011807956
R304,1546470000,278,222,-56,500,1,0.053402711980999225,-0.12243279663902991
R304,1546484400,84,71,-13,155,1,0.32584705615524945,-0.8264213773134519
R304,1546498800,66,64,-2,130,1,0.3955421209440111,-0.8774350425797144
R304,1546513200,688,949,261,1637,1,2.061887760893495,2.197668699670587
R304,1546527600,485,348,-137,833,1,-0.4598064014635186,0.5570692247075861
R304,1546542000,836,423,-413,1259,1,-2.2085189361633573,1.4263420808446985
R304,1546556400,265,241,-24,506,1,0.25615199136648775,-0.11018951697512692
R304,1546570800,102,76,-26,178,1,0.2434801614048947,-0.7794888052684904
R304,1546585200,63,76,13,139,1,0.49058084565595883,-0.8590701230838599
R304,1546599600,705,847,142,1552,1,1.3079138781787096,2.0242222377652945
R304,1546614000,491,338,-153,829,1,-0.5611810411562629,0.5489070382649841
R304,1546628400,873,458,-415,1331,1,-2.22119076612495,1.5732614368115343
R304,1546642800,263,225,-38,488,1,0.1674491816353365,-0.1469193559668359
R304,1546657200,81,63,-18,144,1,0.29416748125126685,-0.8488673900306074
R304,1546671600,29,22,-7,51,1,0.36386254604002854,-1.0386382248211037
R304,1546686000,226,144,-82,370,1,-0.1113310775197102,-0.38770385602359475
R304,1546700400,389,196,-193,585,1,-0.8146176403881235,0.05101366526626246
R304,1546714800,383,183,-200,566,1,-0.8589690452536991,0.012243279663902991
R304,1546729200,189,169,-20,358,1,0.2814956512896738,-0.4121904153514007
R304,1546743600,68,59,-9,127,1,0.3511907160784355,-0.8835566824116659
R304,1546758000,22,14,-8,36,1,0.357526631059232,-1.0692464239808612
R304,1546772400,209,110,-99,319,1,-0.21904163219325098,-0.49177173316677014
R304,1546786800,366,166,-200,532,1,-0.8589690452536991,-0.05713530509821396
R304,1546801200,298,177,-121,475,1,-0.35843176177077435,-0.17344646190529237
R304,1546815600,98,94,-4,192,1,0.3828702909824181,-0.7509211527193834
R304,1546830000,34,24,-10,58,1,0.344854801097639,-1.0243543985465502
R304,1546844400,61,56,-5,117,1,0.37653437600162154,-0.9039621485181709
R304,1546858800,684,1078,394,1762,1,2.904564453339432,2.4527370260018992
R304,1546873200,409,321,-88,730,1,-0.1493465674044893,0.34689292381058473
R304,1546887600,763,473,-290,1236,1,-1.4292013935253856,1.3794095087997371
R304,1546902000,243,161,-82,404,1,-0.1113310775197102,-0.31832527126147775
R304,1546916400,51,20,-31,71,2,0.14412916880932758,-0.9975755078100196
R304,1546930800,78,65,-13,143,2,0.24567777236930116,-0.8705418473216422
R304,1546945200,709,1045,336,1754,2,2.214592363615455,1.971836306105803
R304,1546959600,479,335,-144,814,2,-0.4933703979838398,0.31334129417420875
R304,1546974000,807,494,-313,1301,2,-1.4467989536302583,1.1725828588664284
R304,1546988400,292,191,-101,483,2,-0.2507820672572363,-0.2706606727931931
R304,1547002800,55,27,-28,82,2,0.1610539360693232,-0.9781675874576286
R304,1547017200,67,67,0,134,2,0.31901843049594875,-0.8864210548826893
R304,1547031600,725,1051,326,1776,2,2.1581764727488033,2.010652146810585
R304,1547046000,488,350,-138,838,2,-0.45952086346384863,0.35568584767033457
R304,1547060400,826,490,-336,1316,2,-1.576555502623558,1.199048204801507
R304,1547074800,274,194,-80,468,2,-0.13230869643726714,-0.29712601872827177
R304,1547089200,57,32,-25,89,2,0.17797870332931878,-0.9658170926879253
R304,1547103600,70,50,-20,120,2,0.20618664876264478,-0.9111220444220961
R304,1547118000,736,1069,333,1805,2,2.1976675963554597,2.0618184822850703
R304,1547132400,438,329,-109,767,2,-0.29591477995055787,0.23041654357762903
R304,1547146800,856,560,-296,1416,2,-1.35089193915695,1.3754838443686979
R304,1547161200,292,173,-119,465,2,-0.35233067081720987,-0.3024190879152875
R304,1547175600,61,33,-28,94,2,0.1610539360693232,-0.9569953107095657
R304,1547190000,66,73,7,139,2,0.3585095541026051,-0.8775992729043298
R304,1547204400,667,982,315,1649,2,2.096118992795486,1.7865788845602526
R304,1547218800,534,385,-149,919,2,-0.5215783434171658,0.49859871571975917
R304,1547233200,872,477,-395,1349,2,-1.9094092587368048,1.25727196585868
R304,1547247600,295,246,-49,541,2,0.04258056524935402,-0.1683280018442224
R304,1547262000,50,51,1,101,2,0.3246600195826139,-0.9446448159398623
R304,1547276400,24,18,-6,42,2,0.28516889597595757,-1.048741843284505
R304,1547290800,250,133,-117,383,2,-0.34104749264387946,-0.447096312360384
R304,1547305200,403,176,-227,579,2,-0.9616222921770514,-0.10128245880868986
R304,1547319600,409,173,-236,582,2,-1.012396593957038,-0.09598938962167412
R304,1547334000,199,158,-41,357,2,0.0877132779426756,-0.4929695786478536
R304,1547348400,62,60,-2,122,2,0.30773525232261834,-0.9075933316307522
R304,1547362800,28,17,-11,45,2,0.25696095054263157,-1.0434487740974892
R304,1547377200,213,88,-125,301,2,-0.38618020533720104,-0.5917735368054805
R304,1547391600,383,196,-187,579,2,-0.7359587287104434,-0.10128245880868986
R304,1547406000,303,177,-126,480,2,-0.3918217944238663,-0.27595374198020883
R304,1547420400,122,109,-13,231,2,0.24567777236930116,-0.7152784845025142
R304,1547434800,31,24,-7,55,2,0.27952730688929234,-1.0258052101407702
R304,1547449200,68,64,-4,132,2,0.2964520741492879,-0.8899497676740331
R304,1547463600,708,1055,347,1763,2,2.2766498435687725,1.9877155136668503
R304,1547478000,420,311,-109,731,2,-0.29591477995055787,0.1668997133334403
R304,1547492400,822,464,-358,1286,2,-1.7006704625301923,1.1461175129313497
R304,1547506800,262,165,-97,427,2,-0.2282157109105755,-0.36946463095082
R304,1547521200,47,19,-28,66,3,0.12774459873421337,-0.9444979516806625
R304,1547535600,75,78,3,153,3,0.3038392731010245,-0.7764424540712757
R304,1547550000,714,1031,317,1745,3,2.0875079102358214,2.298779984941872
R304,1547564400,386,352,-34,738,3,0.09366175853418539,0.35358589192287726
R304,1547578800,842,437,-405,1279,3,-2.013793860500877,1.3986206529191794
R304,1547593200,271,204,-67,475,3,-0.09379386256596842,-0.15444394567791286
R304,1547607600,56,35,-21,91,3,0.16750791230091264,-0.8962061420227928
R304,1547622000,70,66,-4,136,3,0.2640759595343252,-0.8092808846386271
R304,1547625925,160,22,-138,182,3,-0.4971074715996327,-0.7204239548681467
R304,1547636400,578,1074,496,1652,3,3.104312642869989,2.1191344530145964
R304,1547650800,472,344,-128,816,3,-0.4403027379329194,0.504256338055431
R304,1547665200,839,514,-325,1353,3,-1.5593559911671708,1.541564409506474
R304,1547679600,286,164,-122,450,3,-0.4062198977328914,-0.20273575533578267
R304,1547694000,58,30,-28,88,3,0.12774459873421337,-0.9020011591817372
R304,1547708400,83,56,-27,139,3,0.1334250721008847,-0.8034858674796828
R304,1547722800,705,1120,415,1825,3,2.6441943001696115,2.4533137758470556
R304,1547737200,433,410,-23,843,3,0.15614696556757,0.5564114924859304
R304,1547751600,873,493,-380,1366,3,-1.8717820263340939,1.5666761505285662
R304,1547766000,284,222,-62,506,3,-0.06539149573261178,-0.09456210170215434
R304,1547780400,56,64,8,120,3,0.33224163993438116,-0.8401876428196638
R304,1547794800,54,69,15,123,3,0.3720049535010804,-0.8343926256607195
R304,1547809200,713,996,283,1709,3,1.8943718157689962,2.2292397790345397
R304,1547823600,473,356,-117,829,3,-0.3778175308995348,0.5293680790775233
R304,1547838000,760,402,-358,1162,3,-1.7468116122673247,1.1726149837203488
R304,1547852400,268,193,-75,461,3,-0.13923764949933903,-0.18148735908631997
R304,1547866800,66,78,12,144,3,0.35496353340106646,-0.7938275055481088
R304,1547881200,24,15,-9,39,3,0.23567359270096858,-0.9966531061111619
R304,1547895600,273,123,-150,396,3,-0.5652731519996886,-0.3070460641967814
R304,1547910000,396,170,-226,566,3,-0.9969891278667095,0.02133824147673314
R304,1547924400,390,178,-212,568,3,-0.9174625007333109,0.025201586249362723
R304,1547938800,177,122,-55,299,3,-0.025628182165912484,-0.49441828566931617
R304,1547953200,70,58,-12,128,3,0.2186321726009546,-0.8247342637291455
R304,1547967600,26,18,-8,44,3,0.2413540660676399,-0.986994744179588
R304,1547982000,195,71,-124,266,3,-0.4175808444662341,-0.5581634744177043
R304,1547996400,295,160,-135,455,3,-0.4800660514996187,-0.1930773934042087
R304,1548010800,300,131,-169,431,3,-0.6732021459664438,-0.2394375306757637
R304,1548025200,119,110,-9,229,3,0.23567359270096858,-0.6296353527113515
R304,1548039600,48,34,-14,82,3,0.20727122586761193,-0.9135911934996259
R304,1548054000,38,35,-3,73,3,0.26975643290099655,-0.930976244976459
R304,1548068400,295,314,19,609,3,0.3947268469677658,0.10440015408826916
R304,1548082800,321,181,-140,502,3,-0.5084684183329753,-0.10228879124741351
R304,1548097200,331,213,-118,544,3,-0.3834980042662061,-0.02115855102219227
R304,1548111600,97,84,-13,181,3,0.21295169923428328,-0.7223556272544616
R304,1548126000,24,25,1,49,4,0.2808804375042012,-1.0510086983248959
R304,1548140400,72,52,-20,124,4,0.1680678027689073,-0.9159120934230995
R304,1548154800,648,1056,408,1704,4,2.4672967392787077,1.930123049841411
R304,1548169200,407,372,-35,779,4,0.08748734938655447,0.26393158938592215
R304,1548183600,796,443,-353,1239,4,-1.6208182623193252,1.0925240994502732
R304,1548198000,238,196,-42,434,4,0.04988313780812317,-0.35751279316234114
R304,1548212400,47,31,-16,78,4,0.18955592367086804,-0.9987713444295346
R304,1548226800,72,57,-15,129,4,0.19492795389635822,-0.9069056530963131
R304,1548241200,701,1025,324,1726,4,2.0160462003375317,1.9697513872792713
R304,1548255600,496,388,-108,884,4,-0.30467085707422925,0.4530668362484371
R304,1548270000,822,470,-352,1292,4,-1.6154462320938352,1.1879923669142094
R304,1548284400,274,213,-61,487,4,-0.0521854364761904,-0.26204452569840503
R304,1548298800,60,65,5,125,4,0.302368558406162,-0.9141108053577423
R304,1548313200,80,52,-28,132,4,0.1250915609649858,-0.9015017889002412
R304,1548327600,706,1098,392,1804,4,2.381344255670865,2.1102518563771393
R304,1548342000,472,363,-109,835,4,-0.3100428872997194,0.3648037210459301
R304,1548356400,884,465,-419,1349,4,-1.9753722572016776,1.2906657866395745
R304,1548370800,275,208,-67,483,4,-0.08441761782913153,-0.2692496779598342
R304,1548385200,72,39,-33,111,4,0.09823140983753485,-0.9393288382727442
R304,1548399600,67,56,-11,123,4,0.21641607479831898,-0.9177133814884568
R304,1548414000,680,946,266,1626,4,1.704468447259101,1.7896225807435426
R304,1548428400,484,365,-119,849,4,-0.36376318955462134,0.39002175396093214
R304,1548442800,852,447,-405,1299,4,-1.900163834044815,1.2006013833717104
R304,1548457200,272,200,-72,472,4,-0.11127776895658247,-0.28906384667876434
R304,1548471600,62,67,5,129,4,0.302368558406162,-0.9069056530963131
R304,1548486000,20,13,-7,33,4,0.23790419570027974,-1.0798293073706124
R304,1548500400,254,147,-107,401,4,-0.29929882684873904,-0.41695529931913156
R304,1548514800,445,193,-252,638,4,-1.0782432095448162,0.009949972170544993
R304,1548529200,458,229,-229,687,4,-0.954686514358542,0.09821308737305195
R304,1548543600,235,143,-92,378,4,-0.21871837346638623,-0.4583849248223491
R304,1548558000,66,62,-4,128,4,0.2540202863767503,-0.9087069411616704
R304,1548572400,16,13,-3,29,4,0.2593923166022405,-1.0870344596320416
R304,1548586800,234,85,-149,319,4,-0.524924096319327,-0.5646609206784289
R304,1548601200,352,146,-206,498,4,-0.8311298191722677,-0.2422303569794749
R304,1548615600,307,170,-137,477,4,-0.4604597336134447,-0.2800574063519779
R304,1548630000,99,114,15,213,4,0.3560888606610638,-0.7555974556063011
R304,1548644400,33,33,0,66,4,0.27550840727871106,-1.020386801213822
R304,1548658800,74,73,-1,147,4,0.27013637705322086,-0.8744824679198819
R304,1548673200,726,1045,319,1771,4,1.989186049210081,2.0508093502203493
R304,1548687600,425,389,-36,814,4,0.08211531916106429,0.32697667167342714
R304,1548702000,787,482,-305,1269,4,-1.3629608114957963,1.1465627414109918
R304,1548716400,265,169,-96,434,4,-0.24020649436834698,-0.35751279316234114
R304,1548730800,40,45,5,85,5,0.2952844035426586,-0.9753521903575151
R304,1548745200,72,61,-11,133,5,0.1971968508087651,-0.8869270423716918
R304,1548759600,717,941,224,1658,5,1.6378577815878264,1.9224135967612324
R304,1548774000,424,352,-72,776,5,-0.17676194398920397,0.2976015025217313
R304,1548788400,814,532,-282,1346,5,-1.4641610736215565,1.3476501348533816
R304,1548802800,252,181,-71,433,5,-0.1706314719433356,-0.3342698674602969
R304,1548817200,43,23,-20,66,5,0.14202260239594997,-1.0103538114352366
R304,1548831600,63,70,7,133,5,0.3075453476343953,-0.8869270423716918
R304,1548846000,698,996,298,1694,5,2.091512712982084,1.9887324577505998
R304,1548860400,440,404,-36,844,5,0.043935049662056455,0.42287046216831414
R304,1548874800,827,511,-316,1338,5,-1.6725971231810801,1.3329126101890778
R304,1548889200,233,183,-50,416,5,-0.04189155898010037,-0.3655871073719426
R304,1548903600,45,26,-19,71,5,0.14815307444181833,-1.0011428585200468
R304,1548918000,63,49,-14,112,5,0.17880543467116006,-0.9256130446154894
R304,1548932400,639,1003,364,1642,5,2.4961238680093945,1.8929385474326246
R304,1548946800,391,379,-12,770,5,0.19106637876289673,0.2865483590235034
R304,1548961200,764,507,-257,1271,5,-1.3108992724748478,1.209485841125533
R304,1548975600,243,199,-44,442,5,-0.005108726704890302,-0.31769015221295505
R304,1548990000,63,39,-24,102,5,0.1175007142124766,-0.9440349504458693
R304,1549004400,63,65,2,128,5,0.2768929874050536,-0.8961379952868818
R304,1549018800,649,915,266,1564,5,1.8953376075142967,1.749247681955662
R304,1549033200,490,332,-158,822,5,-0.7039825399338817,0.3823422693414785
R304,1549047600,846,442,-404,1288,5,-2.2120786632174942,1.2408030810371786
R304,1549062000,297,195,-102,492,5,-0.3606761053652543,-0.22558062306105592
R304,1549076400,61,61,0,122,5,0.26463204331331686,-0.9071911387851097
R304,1549090800,26,20,-6,46,5,0.22784921103810682,-1.0471976230959963
R304,1549105200,223,161,-62,384,5,-0.11545722353052051,-0.42453720602915807
R304,1549119600,406,191,-215,597,5,-1.0534194465483773,-0.032150611842067675
R304,1549134000,389,181,-208,570,5,-1.010506142227299,-0.08188975758409323
R304,1549148400,191,122,-69,313,5,-0.1583705278515989,-0.5553327374248549
R304,1549162800,58,64,6,122,5,0.3014148755885269,-0.9071911387851097
R304,1549177200,19,15,-4,34,5,0.2401101551298435,-1.0693039100924522
R304,1549191600,220,78,-142,298,5,-0.6058949871999881,-0.5829655961704246
R304,1549206000,313,176,-137,489,5,-0.5752426269706464,-0.23110719481016986
R304,1549220400,325,171,-154,496,5,-0.6794606517504083,-0.21821186072890397
R304,1549234800,158,118,-40,276,5,0.019413161478583078,-0.6234937889972603
R304,1549249200,31,41,10,72,5,0.3259367637720003,-0.9993006679370088
R304,1549263600,61,53,-8,114,5,0.21558826694637012,-0.9219286634494135
R304,1549278000,684,1059,375,1743,5,2.5635590605139464,2.078999796319461
R304,1549292400,410,345,-65,755,5,-0.13384863966812555,0.25891550027793364
R304,1549306800,786,511,-275,1297,5,-1.4212477693004781,1.2573827962845205
R304,1549321200,273,180,-93,453,5,-0.3055018569524392,-0.29742605579953724
R304,1549335600,43,35,-8,78,6,0.20568805015221478,-1.016637258479265
R304,1549350000,75,64,-11,139,6,0.189305816069295,-0.9109129259486642
R304,1549364400,689,1011,322,1700,6,2.007733799273389,1.7945900753671975
R304,1549378800,441,417,-24,858,6,0.11831613504330937,0.33524764928907086
R304,1549393200,815,486,-329,1301,6,-1.5472109967201997,1.103048949470318
R304,1549407600,267,201,-66,468,6,-0.11103514211756728,-0.34069480459509704
R304,1549422000,55,40,-15,95,6,0.16746283729206865,-0.987173100233032
R304,1549436400,67,74,7,141,6,0.2875992205668136,-0.907446554390284
R304,1549450800,748,1045,297,1793,6,1.871215181915724,1.9557763528318837
R304,1549465200,479,448,-31,927,6,0.08009092218316327,0.45483746805319286
R304,1549479600,861,537,-324,1398,6,-1.5199072732486667,1.2711679700517649
R304,1549494000,268,181,-87,449,6,-0.22571078069800563,-0.37362533439971035
R304,1549508400,64,42,-22,106,6,0.12923762443192255,-0.96810805666194
R304,1549522800,65,82,17,147,6,0.34220666750987944,-0.8970474397151429
R304,1549537200,708,1130,422,1838,6,2.5538082687040475,2.0337697128954417
R304,1549551600,451,410,-41,861,6,0.025483475240097395,0.34044720662664135
R304,1549566000,917,515,-402,1432,6,-1.9458453594045804,1.3300962865442307
R304,1549580400,238,182,-56,420,6,-0.05642769517450141,-0.4238877219962254
R304,1549594800,41,54,13,95,6,0.3203636887326531,-0.987173100233032
R304,1549609200,50,70,20,120,6,0.35858890159279916,-0.9438434557532775
R304,1549623600,686,1061,375,1747,6,2.2971532680716376,1.8760498069891358
R304,1549638000,539,400,-139,939,6,-0.5096695048019482,0.47563569740347494
R304,1549652400,879,502,-377,1381,6,-1.8093267420469157,1.241703811805532
R304,1549666800,335,212,-123,547,6,-0.42229758969304276,-0.2037731280390733
R304,1549681200,68,88,20,156,6,0.35858890159279916,-0.8814487677024313
R304,1549695600,23,26,3,49,6,0.26575624178958723,-1.06689964607578
R304,1549710000,279,163,-116,442,6,-0.3840723768328967,-0.3857576348540416
R304,1549724400,440,209,-231,649,6,-1.012058016678154,-0.026988178561675537
R304,1549738800,504,222,-282,726,6,-1.2905559960877901,0.10646712643596787
R304,1549753200,191,186,-5,377,6,0.22207028423513453,-0.49841471050140285
R304,1549767600,71,98,27,169,6,0.3968141144529453,-0.8589173525729591
R304,1549782000,32,15,-17,47,6,0.15654134790345547,-1.0703660176341603
R304,1549796400,251,96,-155,347,6,-0.5970414199108536,-0.5504102838771081
R304,1549810800,400,179,-221,579,6,-0.9574505697350884,-0.14831118310498773
R304,1549825200,339,168,-171,507,6,-0.684413335019759,-0.27310055920668025
R304,1549839600,126,136,10,262,6,0.30398145464973336,-0.6977310751082729
R304,1549854000,42,29,-13,71,6,0.17838432668068183,-1.0287695589335961
R304,1549868400,77,61,-16,138,6,0.16200209259776208,-0.9126461117278545
R304,1549882800,780,1064,284,1844,6,1.8002255008897383,2.0441688275705827
R304,1549897200,439,307,-132,746,6,-0.4714442919418021,0.14113084201977133
R304,1549911600,801,557,-244,1358,6,-1.0830476977041399,1.2018405388841578
R304,1549926000,271,194,-77,465,6,-0.17110333375493975,-0.34589436193266754
R304,1549940400,56,17,-39,73,7,0.13606903204263116,-0.9896606390278562
R304,1549954800,68,57,-11,125,7,0.30035771960129054,-0.8924920166741052
R304,1549969200,711,987,276,1698,7,1.9843167670775492,2.0468588095268636
R304,1549983600,402,332,-70,734,7,-0.04582201489731316,0.245502041276556
R304,1549998000,780,477,-303,1257,7,-1.4129385935104428,1.2227941468729366
R304,1550012400,267,194,-73,461,7,-0.0634243742785981,-0.26463322608063694
R304,1550026800,54,24,-30,78,7,0.18887611018648595,-0.9803175022630725
R304,1550041200,64,66,2,130,7,0.37663461025352524,-0.8831488799093214
R304,1550055600,753,1189,436,1942,7,2.9231092674127455,2.5028038836483106
R304,1550070000,460,419,-41,879,7,0.12433412578844119,0.5164530074552849
R304,1550084400,883,578,-305,1461,7,-1.4246734997646329,1.6039941268761138
R304,1550098800,290,190,-100,480,7,-0.22184560871016248,-0.22912930637445866
R304,1550113200,53,31,-22,84,7,0.23581573520324578,-0.969105738145332
R304,1550127600,62,68,6,130,7,0.40010442276190517,-0.8831488799093214
R304,1550142000,720,1052,332,1772,7,2.312894142194868,2.185137233645663
R304,1550156400,490,430,-60,920,7,0.012852516373636614,0.5930667289265117
R304,1550170800,904,480,-424,1384,7,-2.1229004218889354,1.460109820698444
R304,1550185200,276,185,-91,461,7,-0.1690385305663077,-0.26463322608063694
R304,1550199600,51,38,-13,89,7,0.28862281334710055,-0.9597626013805481
R304,1550214000,72,56,-16,128,7,0.27102045396581564,-0.8868861346152349
R304,1550228400,719,1002,283,1721,7,2.025388938967214,2.089837238644869
R304,1550242800,493,354,-139,847,7,-0.4506762806668666,0.4566569321606688
R304,1550257200,803,426,-377,1229,7,-1.8471301249154712,1.1704725809901475
R304,1550271600,289,201,-88,490,7,-0.15143617118502276,-0.21044303284489116
R304,1550286000,79,86,7,165,7,0.40597187588900013,-0.8177469225558351
R304,1550300400,38,16,-22,54,7,0.23581573520324578,-1.0251645587340346
R304,1550314800,283,153,-130,436,7,-0.39786920252301183,-0.3113489099045557
R304,1550329200,480,252,-228,732,7,-0.9728796089783196,0.24176478657064251
R304,1550343600,445,210,-235,655,7,-1.0139517808679843,0.0978804803929727
R304,1550358000,184,163,-21,347,7,0.24168318833034075,-0.4776567443177065
R304,1550372400,61,88,27,149,7,0.5233209384308997,-0.8476449602031432
R304,1550386800,32,23,-9,55,7,0.3120926258554805,-1.0232959313810777
R304,1550401200,260,109,-151,369,7,-0.5210857181920063,-0.43654694255265797
R304,1550415600,408,166,-242,574,7,-1.0550239527576493,-0.0534783351965241
R304,1550430000,350,198,-152,548,7,-0.5269531713191014,-0.10206264637339962
R304,1550444400,152,146,-6,298,7,0.32969498523676544,-0.5692194846125873
R304,1550458800,39,45,6,84,7,0.40010442276190517,-0.969105738145332
R304,1550473200,30,32,2,62,7,0.37663461025352524,-1.0102155399103805
R304,1550487600,401,283,-118,684,7,-0.3274597649978721,0.15207067362871848
R304,1550502000,378,210,-168,588,7,-0.620832421352621,-0.02731755225512959
R304,1550516400,472,186,-286,658,7,-1.3131918903498283,0.10348636245184296
R304,1550530800,149,130,-19,279,7,0.2534180945845307,-0.6047234043187656
R304,1550545200,43,37,-6,80,8,0.18331621352560273,-1.1942074455331775
R304,1550559600,70,52,-18,122,8,0.12008858538743077,-1.1216786086893236
R304,1550574000,716,1007,291,1723,8,1.748200009945359,1.6430515767156781
R304,1550588400,484,365,-119,849,8,-0.41207728477551664,0.13376101953643296
R304,1550602800,793,503,-290,1296,8,-1.3130709857444671,0.9056750688031636
R304,1550617200,308,225,-83,533,8,-0.2223944003610007,-0.41193213386018196
R304,1550631600,95,46,-49,141,8,-0.04324945396951347,-1.0888679444028182
R304,1550646000,75,76,1,151,8,0.22019899660620304,-1.0715991737257102
R304,1550660400,716,987,271,1703,8,1.6428206297150723,1.608514035361462
R304,1550674800,452,405,-47,857,8,-0.03271151594648481,0.14757603607811942
R304,1550689200,763,468,-295,1231,8,-1.3394158308020387,0.7934280594019611
R304,1550703600,252,223,-29,475,8,0.06212992626077313,-0.5120910037874088
R304,1550718000,90,69,-21,159,8,0.10428167835288778,-1.0577841571840236
R304,1550732400,77,57,-20,134,8,0.1095506473644021,-1.1009560838767938
R304,1550746800,693,1093,400,1786,8,2.322517632200421,1.751844831981459
R304,1550761200,441,383,-58,824,8,-0.09067017507314244,0.0905890928436628
R304,1550775600,844,490,-354,1334,8,-1.650285002481384,0.9712963973761742
R304,1550790000,340,221,-119,561,8,-0.41207728477551664,-0.36357957596427937
R304,1550804400,98,76,-22,174,8,0.09901270934137343,-1.0318810011683617
R304,1550818800,71,59,-12,130,8,0.15170239945651673,-1.1078635921476372
R304,1550833200,677,903,226,1580,8,1.4057170241969275,1.3961081560330326
R304,1550847600,497,378,-119,875,8,-0.41207728477551664,0.17865982329691396
R304,1550862000,852,440,-412,1292,8,-1.9558852051492153,0.8987675605323203
R304,1550876400,301,206,-95,507,8,-0.2856220284991727,-0.45683093762066296
R304,1551495600,9346,8868,-478,18214,9,-2.492639241460562,4.1088953471444665
R304,1551510000,29,28,-1,57,9,0.9114963601269018,-0.3407344751075536
R304,1551524400,330,134,-196,464,9,-0.4801314015283506,-0.24099336492103754
R304,1551538800,431,209,-222,640,9,-0.6656817697490509,-0.19786207402957112
R304,1551553200,478,234,-244,712,9,-0.8226859274742588,-0.1802174550285167
R304,1551567600,239,178,-61,417,9,0.4833032026945165,-0.2525113801022814
R304,1551582000,62,79,17,141,9,1.0399543073566175,-0.3201490862729901
R304,1551596400,32,15,-17,47,9,0.7973115181449324,-0.34318511663547785
R304,1551610800,306,94,-212,400,9,-0.59431624351032,-0.2566774706997526
R304,1551625200,437,186,-251,623,9,-0.8726417958413705,-0.20202816462704232
R304,1551639600,369,166,-203,535,9,-0.5300872698954622,-0.2235938100727755
R304,1551654000,101,118,17,219,9,1.0399543073566175,-0.30103408235518114
R304,1551668400,38,18,-20,56,9,0.7759018602733132,-0.340979539260346
R304,1551682800,62,52,-10,114,9,0.847267386512044,-0.32676581839838553
R304,1551697200,646,678,32,1324,9,1.1470025967147137,-0.03023819351955395
R304,1551711600,388,290,-98,678,9,0.21925075561121218,-0.18854963622345905
R304,1551726000,691,360,-331,1051,9,-1.4435660057512176,-0.09714070723188536
R304,1551740400,200,161,-39,361,9,0.6403073604197245,-0.2662349726586571
R304,1551754800,43,36,-7,79,10,0.28227113098851336,-1.0503296454514386
R304,1551769200,75,54,-21,129,10,0.20482197745724823,-0.9639954123650133
R304,1551783600,749,1089,340,1838,10,2.2019037220848707,1.9869086745290068
R304,1551798000,513,387,-126,900,10,-0.3760466740272403,0.3672784618276663
R304,1551812400,895,550,-345,1445,10,-1.587572718552031,1.308321602469703
R304,1551826800,266,208,-58,474,10,0.0001349288389046383,-0.36828920406867804
R304,1551841200,55,34,-21,89,10,0.20482197745724823,-1.0330627988341536
R304,1551855600,74,67,-7,141,10,0.28227113098851336,-0.9432751964242712
R304,1551870000,803,1123,320,1926,10,2.091262074183063,2.1388569247611153
R304,1551884400,454,386,-68,840,10,-0.055185895111999034,0.26367738212395586
R304,1551898800,814,539,-275,1353,10,-1.200326950895705,1.1494666135906804
R304,1551913200,292,216,-76,508,10,-0.09944255427272197,-0.30958192556990877
R304,1551927600,59,30,-29,89,10,0.1605653182965253,-1.0330627988341536
R304,1551942000,86,60,-26,146,10,0.1771615654817964,-0.9346417731156286
R304,1551956400,734,1076,342,1810,10,2.2129678868750515,1.9385615040006086
R304,1551970800,543,404,-139,947,10,-0.4479637451634151,0.4484326409289062
R304,1551985200,859,518,-341,1377,10,-1.5654443889716694,1.1909070454721646
R304,1551999600,249,222,-27,471,10,0.17162948308670603,-0.37346925805386355
R304,1552014000,61,57,-4,118,10,0.29886737817378445,-0.9829889436440268
R304,1552028400,66,93,27,159,10,0.4703619324215859,-0.912194872513158
R304,1552042800,725,989,264,1714,10,1.7814654600580027,1.7727997764746717
R304,1552057200,565,379,-186,944,10,-0.7079716177326624,0.4432525869437207
R304,1552071600,896,472,-424,1368,10,-2.02460722776417,1.175366883516608
R304,1552086000,309,186,-123,495,10,-0.3594504268419692,-0.33202882617237933
R304,1552100400,72,69,-3,141,10,0.30439946056887485,-0.9432751964242712
R304,1552114800,26,19,-7,45,10,0.28227113098851336,-1.1090369239502078
R304,1552129200,310,268,-42,578,10,0.08864824716035051,-0.1887139992489132
R304,1552143600,451,217,-234,668,10,-0.973511572697,-0.03331237969334749
R304,1552158000,518,248,-270,766,10,-1.172666538920253,0.1359027171560463
R304,1552172400,255,170,-85,425,10,-0.14923129582853528,-0.4528967524933749
R304,1552190400,66,94,28,160,10,0.47589401481667626,-0.9104681878514295
R304,1552204800,45,17,-28,62,10,0.16609740069161566,-1.0796832847008233
R304,1552219200,264,118,-146,382,10,-0.48668832192904765,-0.5271441929477008
R304,1552233600,358,174,-184,532,10,-0.6969074529424816,-0.26814149368842455
R304,1552248000,255,170,-85,425,10,-0.14923129582853528,-0.4528967524933749
R304,1552262400,138,123,-15,261,10,0.23801447182779042,-0.7360730370168502
R304,1552276800,23,15,-8,38,10,0.276739048593423,-1.1211237165823074
R304,1552291200,192,267,75,459,10,0.7359018873859235,-0.39418947399460563
R304,1552305600,705,956,251,1661,10,1.709548388921828,1.6812854894030609
R304,1552320000,574,367,-207,941,10,-0.8241453480295601,0.43807253295853515
R304,1552334400,842,433,-409,1275,10,-1.9416259918378143,1.0147852099758568
R304,1552348800,180,143,-37,323,11,0.18134820600876633,-0.6776917622217019
R304,1552363200,32,12,-20,44,11,0.27403440435540855,-1.1877561253608826
R304,1552377600,197,235,38,432,11,0.5902579045968938,-0.47841930493793594
R304,1552392000,726,1007,281,1733,11,1.9151253280224265,1.900052868696738
R304,1552406400,556,376,-180,932,11,-0.5983062859659299,0.43567453581328386
R304,1552420800,827,473,-354,1300,11,-1.5469767866903856,1.1084476026061816
R304,1552435200,223,166,-57,389,11,0.07230561971859903,-0.5570313752425409
R304,1552449600,30,8,-22,38,11,0.2631301457263918,-1.1987252514498972
R304,1552464000,176,245,69,421,11,0.7592739133466531,-0.4985293694344628
R304,1552478400,705,987,282,1692,11,1.920577457336935,1.825097173755138
R304,1552492800,587,426,-161,1013,11,-0.494715828990271,0.5837577380149814
R304,1552507200,876,473,-403,1349,11,-1.8141311231012953,1.198028798999801
R304,1552521600,192,157,-35,349,11,0.19225246463778306,-0.6301588825026384
R304,1552536000,28,17,-11,45,11,0.32310356818598385,-1.18592793767938
R304,1552550400,196,269,73,465,11,0.7810824306046865,-0.4180891114483555
R304,1552564800,741,1046,305,1787,11,2.0459764315706273,1.9987750034978697
R304,1552579200,575,430,-145,1005,11,-0.4074817599581371,0.569132236562962
R304,1552593600,919,511,-408,1430,11,-1.8413917696738373,1.3461120012014987
R304,1552608000,250,211,-39,461,11,0.1704439473797496,-0.4254018621743652
R304,1552622400,41,22,-19,63,11,0.27948653366991694,-1.1530205594123362
R304,1552636800,172,244,72,416,11,0.7756303012901782,-0.507670307841975
R304,1552651200,732,934,202,1666,11,1.4844071121762656,1.7775642940360745
R304,1552665600,618,459,-159,1077,11,-0.4838115703612543,0.7007617496311376
R304,1552680000,911,440,-471,1351,11,-2.184875916487864,1.201685174362806
R304,1552694400,270,199,-71,469,11,-0.004024190684518094,-0.4107763607223457
R304,1552708800,46,52,6,98,11,0.41578976653262606,-1.0890339905597508
R304,1552723200,54,34,-20,88,11,0.27403440435540855,-1.1073158673747752
R304,1552737600,418,233,-185,651,11,-0.6255669325384717,-0.07804620268890168
R304,1552752000,473,218,-255,691,11,-1.0072159845540574,-0.004918695428804103
R304,1552766400,505,192,-313,697,11,-1.3234394847955426,0.006050430660210534
R304,1552780800,184,177,-7,361,11,0.3449120854440173,-0.6082206303246092
R304,1552795200,44,32,-12,76,11,0.31765143887147546,-1.1292541195528045
R304,1552809600,55,21,-34,76,11,0.19770459395229142,-1.1292541195528045
R304,1552824000,354,125,-229,479,11,-0.8654606223768398,-0.3924944839073213
R304,1552838400,396,163,-233,559,11,-0.8872691396348733,-0.24623946938712613
R304,1552852800,333,224,-109,557,11,-0.21120510463583597,-0.24989584475013102
R304,1552867200,139,89,-50,228,11,0.11047052492015758,-0.8513695919644336
R304,1552881600,21,9,-12,30,11,0.31765143887147546,-1.2133507529019167
R304,1552896000,187,247,60,434,11,0.7102047495160778,-0.4747629295749311
R304,1552910400,741,972,231,1713,11,1.6425188622970084,1.8634891150666892
R304,1552924800,566,356,-210,922,11,-0.7618701654011809,0.41739265899825945
R304,1552939200,767,458,-309,1225,11,-1.301630967537509,0.9713335264934987
R304,1552953600,158,152,-6,310,12,0.37046690536725574,-0.6686878413785234
R304,1552968000,32,13,-19,45,12,0.29349775379551996,-1.1681841953746956
R304,1552982400,187,247,60,434,12,0.7612333671929911,-0.43496124554635235
R304,1552996800,699,956,257,1655,12,1.927612048703141,1.8664917666397842
R304,1553011200,557,401,-156,958,12,-0.517638689691234,0.5527221110347579
R304,1553025600,840,459,-381,1299,12,-1.8497970822789687,1.1954702495732286
R304,1553040000,188,149,-39,337,12,0.17508367445438797,-0.6177957600279701
R304,1553054400,26,24,-2,50,12,0.3941497212354821,-1.1587597358653339
R304,1553068800,195,261,66,456,12,0.7967575909953307,-0.3934936237051607
R304,1553083200,666,1013,347,1679,12,2.4604754057382348,1.9117291722847207
R304,1553097600,638,413,-225,1051,12,-0.9261672634181394,0.7280170579088863
R304,1553112000,869,504,-365,1373,12,-1.7550658188060633,1.3349522503117823
R304,1553126400,213,144,-69,357,12,-0.0025374445573099827,-0.5800979219905231
R304,1553140800,32,14,-18,46,12,0.29941845776257653,-1.1662993034728233
R304,1553155200,195,233,38,428,12,0.630977879917746,-0.4462705969575865
R304,1553169600,722,929,207,1651,12,1.631576850350311,1.858952199032295
R304,1553184000,551,411,-140,962,12,-0.42290742621832844,0.5602616786422473
R304,1553198400,832,503,-329,1335,12,-1.5419204759920255,1.263326358040633
R304,1553212800,235,175,-60,410,12,0.050748891146199404,-0.4801986511912887
R304,1553227200,37,23,-14,60,12,0.32310127363080293,-1.1399108168466106
R304,1553241600,167,195,28,362,12,0.5717708402471801,-0.5706734624811614
R304,1553256000,729,849,120,1578,12,1.1164756052163871,1.7213550901956136
R304,1553270400,529,371,-158,900,12,-0.5294800976253472,0.4433983807261617
R304,1553284800,853,438,-415,1291,12,-2.051101017158893,1.1803911143582497
R304,1553299200,202,157,-45,359,12,0.1395594506520484,-0.5763281381867784
R304,1553313600,45,38,-7,83,12,0.3645462014001991,-1.0965583031035464
R304,1553328000,45,36,-9,81,12,0.3527047934660859,-1.1003280869072911
R304,1553342400,397,186,-211,583,12,-0.843277407879347,-0.15411235216737254
R304,1553356800,427,187,-240,614,12,-1.0149778229239883,-0.09568070320932975
R304,1553371200,470,180,-290,650,12,-1.3110130212768183,-0.027824594741925238
R304,1553385600,189,158,-31,347,12,0.22244930619084075,-0.5989468410092467
R304,1553400000,36,32,-4,68,12,0.3823083133013689,-1.1248316816316317
R304,1553414400,54,22,-32,76,12,0.21652860222378414,-1.1097525464166529
R304,1553428800,401,129,-272,530,12,-1.2044403498697995,-0.25401162296660695
R304,1553443200,375,178,-197,553,12,-0.7603875523405547,-0.21065910922354297
R304,1553457600,303,161,-142,464,12,-0.43474883415244164,-0.37841448849018194
R304,1553472000,109,81,-28,190,12,0.24021141809201055,-0.8948748696032053
R304,1553486400,18,13,-5,31,12,0.3763876093343123,-1.1945726820009086
R304,1553500800,187,247,60,434,12,0.7612333671929911,-0.43496124554635235
R304,1553515200,733,943,210,1676,12,1.649338962251481,1.9060744965791037
R304,1553529600,522,425,-97,947,12,-0.16831715563489474,0.5319883001141621
R304,1553544000,737,470,-267,1207,12,-1.1748368300345164,1.0220601946009724
R304,1553558400,170,138,-32,308,13,0.2007947457284091,-0.6964096914033036
R304,1553572800,38,14,-24,52,13,0.24515177042580916,-1.1779710138014206
R304,1553587200,203,235,32,438,13,0.5556509433076094,-0.4518668323730098
R304,1553601600,721,950,229,1671,13,1.6479426764810858,1.8675281305835458
R304,1553616000,556,351,-205,907,13,-0.7584259133528668,0.43036855905166543
R304,1553630400,834,470,-364,1304,13,-1.6400217792136929,1.1771648285518703
R304,1553644800,208,152,-56,360,13,0.06772367163620897,-0.5985925477911861
R304,1553659200,36,16,-20,52,13,0.2673302827745092,-1.1779710138014206
R304,1553673600,192,247,55,439,13,0.6831773893126346,-0.4499857334573921
R304,1553688000,687,974,287,1661,13,1.9695311055372362,1.8487171414273693
R304,1553702400,593,375,-218,968,13,-0.8305060784861419,0.5451155929043418
R304,1553716800,767,463,-304,1230,13,-1.3073440939831924,1.0379635087961645
R304,1553731200,225,161,-64,386,13,0.02336664693880892,-0.5496839759851273
R304,1553745600,31,31,0,62,13,0.3782228445180093,-1.159160024645244
R304,1553760000,176,255,79,431,13,0.8162484634048348,-0.4650345247823333
R304,1553774400,739,965,226,1704,13,1.6313087922195608,1.9296043947989279
R304,1553788800,534,436,-98,970,13,-0.16515070802514129,0.5488777907355771
R304,1553803200,924,476,-448,1400,13,-2.1057705385363934,1.3577503244511642
R304,1553817600,226,168,-58,394,13,0.056634415461858954,-0.5346351846601861
R304,1553832000,49,38,-11,87,13,0.31723193555908424,-1.112132551754803
R304,1553846400,186,212,26,398,13,0.5223831747845594,-0.5271107889977156
R304,1553860800,676,895,219,1571,13,1.5924963956093356,1.6794182390217813
R304,1553875200,594,417,-177,1011,13,-0.6031763269119668,0.6260028462759005
R304,1553889600,860,458,-402,1318,13,-1.850717646526343,1.2035002133705173
R304,1553904000,223,179,-44,402,13,0.13425920868230903,-0.5195863933352449
R304,1553918400,66,51,-15,117,13,0.2950534232103842,-1.0556995842862735
R304,1553932800,53,53,0,106,13,0.3782228445180093,-1.0763916723580678
R304,1553947200,386,169,-217,555,13,-0.824961450398967,-0.23177825924574538
R304,1553961600,518,251,-267,769,13,-1.1021928547577173,0.17077690869643053
R304,1553976000,586,255,-331,841,13,-1.4570490523369175,0.3062160306209009
R304,1553990400,215,233,18,448,13,0.47802615008715943,-0.4330558432168333
R304,1554004800,34,41,7,75,13,0.41703524112823437,-1.1347057387422148
R304,1554019200,38,20,-18,58,13,0.2784195389488592,-1.1666844203077147
R304,1554033600,363,160,-203,523,13,-0.7473366571785168,-0.29197342454551
R304,1554048000,322,180,-142,502,13,-0.40911434386084156,-0.33147650177348054
R304,1554062400,258,167,-91,425,13,-0.12633831141491625,-0.4763211182760392
R304,1554076800,101,103,2,204,13,0.38931210069235933,-0.8920439786275386
R304,1554091200,16,15,-1,31,13,0.3726782164308343,-1.217474091029391
R304,1554105600,194,226,32,420,13,0.5556509433076094,-0.4857266128541274
R304,1554120000,722,1043,321,1765,13,2.1580484605011865,2.0443514286516042
R304,1554134400,555,328,-227,883,13,-0.880407731270717,0.38522218507684197
R304,1554148800,800,439,-361,1239,13,-1.6233878949521678,1.0548933990367233
R304,1554163200,154,147,-7,301,14,0.4198816823852209,-0.7214734933979097
R304,1554177600,31,34,3,65,14,0.47762572514939666,-1.1797104065441406
R304,1554192000,224,248,24,472,14,0.5988882149541658,-0.3894458995504287
R304,1554206400,569,749,180,1318,14,1.4996952820753078,1.2532169331686873
R304,1554220800,535,381,-154,916,14,-0.42895574624816285,0.4726608353518024
R304,1554235200,853,505,-348,1358,14,-1.5491901758731728,1.3308842065833029
R304,1554249600,178,143,-35,321,14,0.25819836264552876,-0.6826398566906019
R304,1554264000,41,16,-25,57,14,0.31594240540970453,-1.1952438612270637
R304,1554278400,205,266,61,471,14,0.8125411731816162,-0.3913875813857941
R304,1554292800,764,941,177,1705,14,1.4823720692460551,2.0046478034550916
R304,1554307200,580,369,-211,949,14,-0.7580967900039647,0.5367363359188602
R304,1554321600,854,475,-379,1329,14,-1.7281967084421175,1.2745754333577066
R304,1554336000,201,189,-12,390,14,0.391009661003133,-0.5486638100503903
R304,1554350400,36,17,-19,53,14,0.35058883106821,-1.2030105885685252
R304,1554364800,213,253,40,466,14,0.691278683376847,-0.401095990562621
R304,1554379200,781,892,111,1673,14,1.101261387002495,1.9425139847233992
R304,1554393600,597,377,-220,974,14,-0.8100664284917228,0.5852783818029947
R304,1554408000,861,463,-398,1324,14,-1.8379103896940514,1.2648670241808797
R304,1554422400,207,178,-29,385,14,0.2928447883040342,-0.5583722192272172
R304,1554436800,43,35,-8,78,14,0.4141072781088033,-1.1544685426843906
R304,1554451200,178,229,51,407,14,0.7547971304174405,-0.5156552188491788
R304,1554465600,704,937,233,1641,14,1.8057387087254393,1.880380165991707
R304,1554480000,657,375,-282,1032,14,-1.1680794936296126,0.6978959282541871
R304,1554494400,848,434,-414,1282,14,-1.9303008581167327,1.1833163870955334
R304,1554508800,213,241,28,454,14,0.621985832059836,-0.4243961725870056
R304,1554523200,40,39,-1,79,14,0.45452810804372634,-1.1525268608490251
R304,1554537600,60,34,-26,94,14,0.31016800113328696,-1.1234016333185444
R304,1554552000,428,184,-244,612,14,-0.9486521311257446,-0.11761044259927475
R304,1554566400,520,237,-283,757,14,-1.1738538979060302,0.16393342352870616
R304,1554580800,525,172,-353,697,14,-1.5780621972552604,0.04743251340678302
R304,1554595200,221,186,-35,407,14,0.25819836264552876,-0.5156552188491788
R304,1554609600,49,82,33,131,14,0.6508578534419239,-1.0515594054100252
R304,1554624000,43,16,-27,59,14,0.30439359685686934,-1.191360497556333
R304,1554638400,290,124,-166,414,14,-0.4982485975651738,-0.5020634460016211
R304,1554652800,372,168,-204,540,14,-0.7176759600690417,-0.2574115347455825
R304,1554667200,341,166,-175,507,14,-0.550218236052932,-0.3214870353126402
R304,1554681600,107,89,-18,196,14,0.35636323534462755,-0.9253500861112751
R304,1554696000,23,55,32,78,14,0.6450834491655064,-1.1544685426843906
R304,1554710400,200,259,59,459,14,0.800992364628781,-0.4146877634101787
R304,1554724800,702,948,246,1650,14,1.880805964318868,1.8978553025099953
R304,1554739200,558,340,-218,898,14,-0.7985176199388877,0.4377105623152255
R304,1554753600,792,457,-335,1249,14,-1.4741229202797441,1.1192408865284758
R304,1554768000,175,121,-54,296,15,-0.0950372380499429,-0.44654711721232176
R304,1554782400,1,3,2,4,15,0.24570603008034012,-0.9148602560435098
R304,1554796800,237,269,32,506,15,0.42824706657870604,-0.10974657216249468
R304,1554811200,758,1015,257,1773,15,1.7973048403164504,1.9222833829714616
R304,1554825600,596,429,-167,1025,15,-0.7826084755271211,0.7226319177463636
R304,1554840000,847,499,-348,1346,15,-1.8839393957339285,1.2374556080368135
R304,1554854400,184,138,-46,322,15,-0.04635962831704532,-0.4048480021109146
R304,1554868800,2,5,3,7,15,0.25179073129695234,-0.9100488196856552
R304,1554883200,201,260,59,461,15,0.5925339994272354,-0.18191811753031478
R304,1554897600,738,925,187,1663,15,1.3713757551535966,1.7458640498501237
R304,1554912000,556,386,-170,942,15,-0.8008625791769577,0.5895155118457177
R304,1554926400,862,487,-375,1349,15,-2.048226328582458,1.2422670443946682
R304,1554940800,209,152,-57,361,15,-0.11329134169977949,-0.34229932945880387
R304,1554955200,3,3,0,6,15,0.23353662764711575,-0.91165263180494
R304,1554969600,206,267,61,473,15,0.6047034018604598,-0.1626723720988961
R304,1554984000,696,999,303,1695,15,2.0772010962806116,1.7971860376672402
R304,1554998400,646,402,-244,1048,15,-1.2511304692062604,0.7595195964899161
R304,1555012800,896,515,-381,1411,15,-2.084734535882131,1.3417033957903315
R304,1555027200,210,147,-63,357,15,-0.14979954899945266,-0.3487145779359434
R304,1555041600,2,4,2,6,15,0.24570603008034012,-0.91165263180494
R304,1555056000,170,241,71,411,15,0.6655504140265817,-0.2621087234945593
R304,1555070400,724,903,179,1627,15,1.322698145420699,1.6881268135558676
R304,1555084800,597,441,-156,1038,15,-0.7156767621443869,0.7434814752970672
R304,1555099200,918,430,-488,1348,15,-2.7357975660596363,1.2406632322753832
R304,1555113600,111,80,-31,191,15,0.04491088993213763,-0.6149473897372353
R304,1555128000,3,4,1,7,15,0.23962132886372794,-0.9100488196856552
R304,1555142400,1,2,1,3,15,0.23962132886372794,-0.9164640681627947
R304,1555156800,0,2,2,2,15,0.24570603008034012,-0.9180678802820796
R304,1555171200,1,7,6,8,15,0.27004483494678894,-0.9084450075663703
R304,1555185600,0,2,2,2,15,0.24570603008034012,-0.9180678802820796
R304,1555200000,2,5,3,7,15,0.25179073129695234,-0.9100488196856552
R304,1555214400,0,1,1,1,15,0.23962132886372794,-0.9196716924013645
R304,1555228800,0,0,0,0,15,0.23353662764711575,-0.9212755045206494
R304,1555243200,0,0,0,0,15,0.23353662764711575,-0.9212755045206494
R304,1555257600,0,0,0,0,15,0.23353662764711575,-0.9212755045206494
R304,1555272000,0,1,1,1,15,0.23962132886372794,-0.9196716924013645
R304,1555286400,0,1,1,1,15,0.23962132886372794,-0.9196716924013645
R304,1555300800,0,3,3,3,15,0.25179073129695234,-0.9164640681627947
R304,1555315200,161,238,77,399,15,0.7020586213262549,-0.281354468925978
R304,1555329600,753,947,194,1700,15,1.4139686636698818,1.8052050982636647
R304,1555344000,581,355,-226,936,15,-1.1416058473072408,0.5798926391300083
R304,1555358400,822,568,-254,1390,15,-1.3119774813723823,1.3080233412853488
R304,1555372800,183,140,-43,323,16,0.15972114661210193,-0.6323740212620019
R304,1555387200,23,23,0,46,16,0.40521594727717086,-1.1390920709460113
R304,1555401600,213,228,15,441,16,0.49085366843940426,-0.4165157907106911
R304,1555416000,781,1063,282,1844,16,2.015205105127158,2.150001984403623
R304,1555430400,593,453,-140,1046,16,-0.3940694502370071,0.6902149676244195
R304,1555444800,999,537,-462,1536,16,-2.2324258645196164,1.5865754165239305
R304,1555459200,213,186,-27,399,16,0.25106804918515085,-0.4933466863306492
R304,1555473600,29,14,-15,43,16,0.3195782261149375,-1.1445799920617226
R304,1555488000,193,262,69,455,16,0.7991494646234443,-0.3909054921707051
R304,1555502400,793,1137,344,1930,16,2.3691743525977227,2.3073223897206803
R304,1555516800,630,450,-180,1080,16,-0.6224367066696294,0.7524114069358142
R304,1555531200,834,565,-269,1399,16,-1.130553852232214,1.3359603522397816
R304,1555545600,215,168,-47,383,16,0.13688442096883968,-0.5226155989477761
R304,1555560000,30,21,-9,51,16,0.35383331457983086,-1.1299455357531591
R304,1555574400,207,256,49,463,16,0.6849658364071332,-0.3762710358621416
R304,1555588800,770,1011,241,1781,16,1.78112866728372,2.034755640973686
R304,1555603200,607,454,-153,1061,16,-0.46828880857760935,0.717654573202976
R304,1555617600,870,491,-379,1361,16,-1.7585638074219252,1.2664466847741052
R304,1555632000,283,203,-80,486,16,-0.05151856558807369,-0.33419697397502174
R304,1555646400,35,35,0,70,16,0.40521594727717086,-1.0951887020203208
R304,1555660800,136,129,-7,265,16,0.36525167740146197,-0.7384738294990869
R304,1555675200,713,605,-108,1318,16,-0.21137564509090928,1.1877864821155766
R304,1555689600,699,312,-387,1011,16,-1.8042372587084496,0.6261892212744544
R304,1555704000,735,313,-422,1048,16,-2.004058608086994,0.6938735817015603
R304,1555718400,208,286,78,494,16,0.8505320973207843,-0.31956251766645827
R304,1555732800,38,40,2,78,16,0.416634310098802,-1.0805542457117574
R304,1555747200,47,20,-27,67,16,0.25106804918515085,-1.100676623136032
R304,1555761600,392,119,-273,511,16,-1.1533905778754763,-0.28846429801076096
R304,1555776000,395,211,-184,606,16,-0.6452734323128916,-0.11468012934657001
R304,1555790400,412,180,-232,592,16,-0.9193141400320384,-0.14029042788655605
R304,1555804800,142,180,38,322,16,0.622164840888162,-0.6342033283005724
R304,1555819200,24,59,35,83,16,0.6050372966557154,-1.0714077105189053
R304,1555833600,59,21,-38,80,16,0.1882670536661797,-1.0768956316346165
R304,1555848000,322,148,-174,470,16,-0.588181618204736,-0.3634658865921486
R304,1555862400,299,221,-78,520,16,-0.04010020276644257,-0.27200053466362706
R304,1555876800,231,176,-55,407,16,0.09121096968231523,-0.47871223002208574
R304,1555891200,103,124,21,227,16,0.5251087569042976,-0.8079874969647632
R304,1555905600,10,10,0,20,16,0.40521594727717086,-1.1866540539488424
R304,1555920000,166,169,3,335,16,0.42234349150961753,-0.6104223367991568
R304,1555934400,655,804,149,1459,16,1.255883977488689,1.4457187745540074
R304,1555948800,525,342,-183,867,16,-0.639564250902076,0.3627690077203124
R304,1555963200,721,386,-335,1107,16,-1.5073598253460407,0.8018026969772158
R304,1555977600,162,160,-2,322,17,0.4943587750790898,-0.6459058155466022
R304,1555992000,22,11,-11,33,17,0.44009988513138487,-1.2082358104615827
R304,1556006400,195,217,22,412,17,0.6390491482729698,-0.47078574792602
R304,1556020800,740,900,160,1640,17,1.4710187941377795,1.9186302858303674
R304,1556035200,565,325,-240,890,17,-0.9404874257602197,0.4592963889921829
R304,1556049600,886,433,-453,1319,17,-2.2246144878559044,1.2940353779836244
R304,1556064000,209,196,-13,405,17,0.42804235403189483,-0.4844061976298431
R304,1556078400,35,14,-21,49,17,0.37981222963393485,-1.1771033539957014
R304,1556092800,180,220,40,400,17,0.7475669281683798,-0.494135090275431
R304,1556107200,719,889,170,1608,17,1.5313064496352295,1.8563653728986047
R304,1556121600,519,352,-167,871,17,-0.5003875406288348,0.42232659693894886
R304,1556136000,845,427,-418,1272,17,-2.0136076936148295,1.2025837871150982
R304,1556150400,227,185,-42,412,17,0.2532081530892899,-0.47078574792602
R304,1556164800,30,16,-14,46,17,0.42201358848214987,-1.182940689583054
R304,1556179200,210,224,14,434,17,0.5908190238750098,-0.4279786202854333
R304,1556193600,736,850,114,1586,17,1.1936955788495096,1.8135582452580181
R304,1556208000,632,397,-235,1029,17,-0.9103435980114947,0.7297596045395264
R304,1556222400,898,477,-421,1375,17,-2.0316939902640643,1.4029989756142087
R304,1556236800,232,198,-34,430,17,0.3014382774872499,-0.43576173440190363
R304,1556251200,28,22,-6,50,17,0.47024371288010985,-1.1751575754665837
R304,1556265600,157,209,52,366,17,0.8199121147653197,-0.5602915602654287
R304,1556280000,759,797,38,1556,17,0.7355093970688897,1.7551848893844906
R304,1556294400,616,335,-281,951,17,-1.1876668132997645,0.5779888792683552
R304,1556308800,796,335,-461,1131,17,-2.272844612253864,0.9282290145095194
R304,1556323200,224,147,-77,371,17,0.042201358848214986,-0.5505626676198407
R304,1556337600,45,27,-18,72,17,0.39789852628316985,-1.132350447825997
R304,1556352000,58,46,-12,104,17,0.43407111958163985,-1.0700855348942344
R304,1556366400,358,244,-114,602,17,-0.18086296649234992,-0.10108782739367997
R304,1556380800,501,294,-207,795,17,-0.7415381626186347,0.27444742872601285
R304,1556395200,481,204,-277,685,17,-1.1635517511007847,0.06041179052307911
R304,1556409600,195,149,-46,344,17,0.2290930908903099,-0.6030986879060154
R304,1556424000,38,50,12,88,17,0.5787614927755198,-1.1012179913601157
R304,1556438400,55,21,-34,76,17,0.3014382774872499,-1.1245673337095268
R304,1556452800,363,162,-201,525,17,-0.7053655693201648,-0.2509127741357336
R304,1556467200,169,143,-26,312,17,0.34966840188520987,-0.665363600837778
R304,1556481600,256,181,-75,437,17,0.05425888994770498,-0.42214128469808054
R304,1556496000,111,107,-4,218,17,0.48230124397959984,-0.8482667825748305
R304,1556510400,17,14,-3,31,17,0.48833000952934486,-1.2121273675198176
R304,1556524800,211,235,24,446,17,0.6511066793724598,-0.4046292779360223
R304,1556539200,680,927,247,1607,17,1.9955213969655943,1.8544195943694872
R304,1556553600,582,378,-204,960,17,-0.7234518659693997,0.5955008860304134
R304,1556568000,755,451,-304,1206,17,-1.3263284209438995,1.074162404193338
R304,1556582400,197,123,-74,320,18,0.08351572811616106,-0.6582135119309435
R304,1556596800,35,9,-26,44,18,0.31510817362122395,-1.1518417082370505
R304,1556611200,210,242,32,452,18,0.5949490452731749,-0.4221304615236749
R304,1556625600,757,867,110,1624,18,0.971286769218902,1.6740008648196494
R304,1556640000,574,425,-149,999,18,-0.27834746798549964,0.5561833913003852
R304,1556654400,847,485,-362,1332,18,-1.3060389449142162,1.1517565411914492
R304,1556668800,217,145,-72,362,18,0.09316541334553868,-0.583096177710449
R304,1556683200,26,13,-13,39,18,0.37783112761217846,-1.1607842480252046
R304,1556697600,192,236,44,428,18,0.6528471566494406,-0.46505465250681466
R304,1556712000,748,936,188,1684,18,1.347624493164629,1.7813113422774987
R304,1556726400,577,393,-184,970,18,-0.447216959499608,0.5043166605290913
R304,1556740800,862,490,-372,1352,18,-1.3542873710611043,1.1875267003440655
R304,1556755200,215,144,-71,359,18,0.0979902559602275,-0.5884617015833414
R304,1556769600,46,8,-38,54,18,0.25721006224495824,-1.1339566286607423
R304,1556784000,221,276,55,497,18,0.7059204254110174,-0.3416476034302879
R304,1556798400,441,955,514,1396,18,2.9205231855531815,1.2662210504798217
R304,1556812800,1295,590,-705,1885,18,-2.9609599617524776,2.140801441761294
R304,1556827200,947,492,-455,1439,18,-1.7547493080802754,1.3431268926579472
R304,1556841600,235,159,-76,394,18,0.07386604288678345,-0.5258639230662626
R304,1556856000,37,18,-19,55,18,0.3488820719240456,-1.1321681207031116
R304,1556870400,209,233,24,442,18,0.5563503043556645,-0.44001554109998314
R304,1556884800,706,915,209,1621,18,1.448946188073094,1.668635340946757
R304,1556899200,525,321,-204,846,18,-0.5437138117933842,0.28254167378286926
R304,1556913600,833,458,-375,1291,18,-1.3687618989051706,1.0784277149285855
R304,1556928000,258,174,-84,432,18,0.03526730196927297,-0.45790062067629134
R304,1556942400,48,31,-17,79,18,0.3585317571534232,-1.0892439297199719
R304,1556956800,66,37,-29,103,18,0.3006336457771575,-1.046319738736832
R304,1556971200,354,176,-178,530,18,-0.41826790381147516,-0.2826268408284707
R304,1556985600,448,175,-273,623,18,-0.8766279522069121,-0.1162956007688042
R304,1557000000,462,173,-289,635,18,-0.9538254340419331,-0.09483350527723433
R304,1557014400,236,148,-88,384,18,0.01596793151051773,-0.5437490026425709
R304,1557028800,51,42,-9,93,18,0.3971304980709337,-1.0642048183131403
R304,1557043200,27,37,10,64,18,0.4888025077500211,-1.1160715490844342
R304,1557057600,326,102,-224,428,18,-0.6402106640871604,-0.46505465250681466
R304,1557072000,328,153,-175,481,18,-0.4037933759674087,-0.370263730752381
R304,1557086400,322,141,-181,463,18,-0.43274243165554155,-0.40245687398973584
R304,1557100800,88,75,-13,163,18,0.37783112761217846,-0.9390092612789827
R304,1557115200,25,9,-16,34,18,0.363356599768112,-1.1697267878133588
R304,1557129600,203,240,37,443,18,0.6190732583466189,-0.4382270331423523
R304,1557144000,731,1000,269,1731,18,1.7384367449544227,1.865371216286147
R304,1557158400,596,383,-213,979,18,-0.5871373953255835,0.5204132321477687
R304,1557172800,845,502,-343,1347,18,-1.2143669352351287,1.1785841605559115
R304,1557187200,214,117,-97,331,19,-0.1474865070815425,-0.6372970700601377
R304,1557201600,32,5,-27,37,19,0.2739035131514361,-1.1715725959683854
R304,1557216000,207,228,21,435,19,0.5628566698826214,-0.448301645929329
R304,1557230400,758,1012,254,1770,19,1.9654834515152502,1.9777453849805715
R304,1557244800,569,413,-156,982,19,-0.5026580955636244,0.5457415944509824
R304,1557259200,863,512,-351,1375,19,-1.6765302947840648,1.2599262260222115
R304,1557273600,232,134,-98,366,19,-0.15350636451344218,-0.5736928407853463
R304,1557288000,38,18,-20,56,19,0.3160425151747339,-1.1370445857906415
R304,1557302400,219,262,43,481,19,0.6952935333844147,-0.3647075160253174
R304,1557316800,757,1008,251,1765,19,1.947423879219551,1.9686590665127441
R304,1557331200,554,425,-129,979,19,-0.3401219449023327,0.540289803370286
R304,1557345600,892,503,-389,1395,19,-1.9052848771962532,1.2962714998935208
R304,1557360000,214,139,-75,353,19,-0.015049643579749234,-0.5973172688016973
R304,1557374400,32,14,-18,46,19,0.3280822300385333,-1.1552172227262962
R304,1557388800,203,252,49,455,19,0.7314126779758128,-0.4119563720580196
R304,1557403200,734,1053,319,1787,19,2.3567741845887302,2.0086388677711846
R304,1557417600,590,431,-159,1021,19,-0.5207176678593235,0.6166148785000356
R304,1557432000,925,459,-466,1384,19,-2.3688138994525296,1.2762815992643006
R304,1557446400,240,181,-59,421,19,0.08126807533064587,-0.47374333763924553
R304,1557460800,31,26,-5,57,19,0.40634037665322936,-1.135227322097076
R304,1557475200,190,231,41,421,19,0.6832538185206153,-0.47374333763924553
R304,1557489600,723,837,114,1560,19,1.1227034110492928,1.596120009331823
R304,1557504000,618,401,-217,1019,19,-0.8698693989095058,0.6129803511129047
R304,1557518400,802,486,-316,1288,19,-1.4658352846675755,1.1018242846820157
R304,1557532800,256,185,-71,441,19,0.009029786147849541,-0.43739806376793616
R304,1557547200,60,35,-25,95,19,0.2859432280152355,-1.0661713017415884
R304,1557561600,48,33,-15,81,19,0.3461418023342324,-1.0916129934515049
R304,1557576000,383,154,-229,537,19,-0.9421076880923022,-0.2629407491856512
R304,1557590400,459,269,-190,728,19,-0.7073332482482141,0.08415661628535333
R304,1557604800,502,224,-278,726,19,-1.2370807022553871,0.08052208889822239
R304,1557619200,224,153,-71,377,19,0.009029786147849541,-0.5537029401561261
R304,1557633600,52,52,0,104,19,0.4364396638127278,-1.049815928499499
R304,1557648000,50,23,-27,73,19,0.2739035131514361,-1.1061511030000286
R304,1557662400,316,111,-205,427,19,-0.7976311097267095,-0.4628397554778527
R304,1557676800,262,142,-120,404,19,-0.2859432280152355,-0.5046368204298585
R304,1557691200,244,136,-108,380,19,-0.21370493883243913,-0.5482511490754297
R304,1557705600,100,74,-26,174,19,0.2799233705833358,-0.9226074699499163
R304,1557720000,15,11,-4,26,19,0.41236023408512906,-1.1915624965976055
R304,1557734400,186,244,58,430,19,0.7855913948629101,-0.4573879643971563
R304,1557748800,721,923,202,1644,19,1.652450865056466,1.7487701595913225
R304,1557763200,559,394,-165,953,19,-0.5568368124507217,0.49304094733758375
R304,1557777600,764,483,-281,1247,19,-1.2551402745510862,1.0273164732458315
R304,1557792000,204,108,-96,312,20,-0.09151091736991082,-0.6953906837419789
R304,1557806400,33,12,-21,45,20,0.33744650780154617,-1.1946237412218597
R304,1557820800,197,251,54,448,20,0.7664039329730031,-0.44109968817170253
R304,1557835200,759,956,197,1715,20,1.5842827569665812,1.9279201014425629
R304,1557849600,577,380,-197,957,20,-0.6691735832674729,0.5106217584846994
R304,1557864000,874,515,-359,1389,20,-1.59572162163782,1.3183696267667535
R304,1557878400,271,125,-146,396,20,-0.3774825341508821,-0.5383285982426905
R304,1557892800,35,12,-23,47,20,0.3260076431303073,-1.1908841677575908
R304,1557907200,213,280,67,493,20,0.8407565533360557,-0.35695928522565523
R304,1557909200,90,227,137,317,20,1.2411168168294155,-0.686041750081307
R304,1557909281,5,0,-5,5,20,0.42895742517145696,-1.269415210507235
R304,1557921600,725,782,57,1507,20,0.7835622299798615,1.539004461158611
R304,1557936000,596,429,-167,1025,20,-0.4975906131988901,0.6377672562698375
R304,1557950400,867,493,-374,1360,20,-1.6815131066721114,1.2641458115348565
R304,1557964800,245,166,-79,411,20,0.005719432335619426,-0.5102817972606748
R304,1557979200,44,20,-24,64,20,0.3202882107946879,-1.1590977933113062
R304,1557993600,213,256,43,469,20,0.7034901772811895,-0.40183416679688044
R304,1558008000,724,986,262,1710,20,1.956045858781844,1.9185711677818909
R304,1558022400,611,418,-193,1029,20,-0.6462958539249952,0.645246403198375
R304,1558036800,952,537,-415,1489,20,-1.9160098324325079,1.5053482999801922
R304,1558051200,347,179,-168,526,20,-0.5033100455345095,-0.29525632306522054
R304,1558065600,41,27,-14,68,20,0.3774825341508821,-1.1516186463827687
R304,1558080000,195,220,25,415,20,0.6005403952400398,-0.5028026503321372
R304,1558094400,695,975,280,1670,20,2.0589956408229937,1.8437796984965158
R304,1558108800,619,413,-206,1032,20,-0.7206484742880477,0.6508557633947782
R304,1558123200,904,422,-482,1326,20,-2.2992117989190093,1.2005730626422872
R304,1558137600,248,181,-67,429,20,0.07435262036305254,-0.47662563608225583
R304,1558152000,51,34,-17,85,20,0.36032423714402384,-1.1198322719364842
R304,1558166400,67,37,-30,104,20,0.2859716167809713,-1.084306324025931
R304,1558180800,443,182,-261,625,20,-1.0352172527471162,-0.11014743658391643
R304,1558195200,466,249,-217,715,20,-0.7835622299798615,0.0581333693081782
R304,1558209600,512,251,-261,763,20,-1.0352172527471162,0.14788313245062867
R304,1558224000,246,187,-59,433,20,0.12010807904800795,-0.4691464891537183
R304,1558238400,40,63,23,103,20,0.5891015305688009,-1.0861761107580654
R304,1558252800,55,28,-27,83,20,0.3031299137878296,-1.123571845400753
R304,1558267200,349,171,-178,520,20,-0.5605043688907038,-0.30647504345802684
R304,1558281600,401,238,-163,639,20,-0.4747128838564124,-0.08397042233403504
R304,1558296000,363,225,-138,588,20,-0.3317270754659267,-0.17932954567288867
R304,1558310400,146,159,13,305,20,0.5319072072126066,-0.7084791908669196
R304,1558324800,17,26,9,43,20,0.509029477870129,-1.1983633146861283
R304,1558339200,216,251,35,467,20,0.657734718596234,-0.40557374026114923
R304,1558353600,716,974,258,1690,20,1.9331681294393661,1.8811754331392034
R304,1558368000,590,355,-235,945,20,-0.886512012021011,0.4881843176990867
R304,1558382400,844,486,-358,1330,20,-1.5900021893022005,1.2080522095708248
R304,1558396800,218,176,-42,394,21,0.22820822381591604,-0.6185091998623565
R304,1558411200,38,22,-16,60,21,0.38643259232828453,-1.2798741709477393
R304,1558425600,211,242,31,453,21,0.6724535661775659,-0.501681255868232
R304,1558440000,745,914,169,1659,21,1.512259829820137,1.8863611247574315
R304,1558454400,569,382,-187,951,21,-0.6541969082722927,0.48442579682793746
R304,1558468800,894,521,-373,1415,21,-1.7861096983992362,1.4032082716291878
R304,1558483200,268,187,-81,455,21,-0.009128328952636641,-0.4977209865802956
R304,1558497600,32,19,-13,51,21,0.4046892502335578,-1.2976953827434532
R304,1558512000,211,246,35,457,21,0.6967957767179304,-0.4937607172923592
R304,1558526400,709,978,269,1687,21,2.1208150933292464,1.9418048947885413
R304,1558540800,596,391,-205,987,21,-0.7637368557039323,0.5557106440107931
R304,1558555200,962,560,-402,1522,21,-1.962590724816878,1.6150826785337864
R304,1558569600,263,170,-93,433,21,-0.08215496057372977,-0.5412839487475962
R304,1558584000,33,19,-14,52,21,0.3986036975984667,-1.295715248099485
R304,1558598400,191,270,79,461,21,0.9645600926619384,-0.4858401787164863
R304,1558612800,740,933,193,1673,21,1.6583130930623233,1.9140830097729864
R304,1558627200,602,400,-202,1002,21,-0.745480197798659,0.5854126636703163
R304,1558641600,925,447,-478,1372,21,-2.4250927250838012,1.3180624819385547
R304,1558656000,212,146,-66,358,21,0.08215496057372977,-0.6897940470452122
R304,1558670400,37,22,-15,59,21,0.3925181449633756,-1.2818543055917075
R304,1558684800,168,192,24,360,21,0.6298546977319283,-0.6858337777572757
R304,1558699200,631,846,215,1477,21,1.7921952510343273,1.525976619555217
R304,1558713600,747,438,-309,1185,21,-1.3966343297534063,0.947777303516499
R304,1558728000,745,352,-393,1097,21,-1.907820751101058,0.7735254548472964
R304,1558742400,251,199,-52,450,21,0.1673526974650051,-0.5076216598001366
R304,1558756800,54,111,57,165,21,0.8306779346899344,-1.071960033331077
R304,1558771200,105,78,-27,183,21,0.3194915133422825,-1.0363176097396491
R304,1558785600,590,360,-230,950,21,-0.9158756715812097,0.4824456621839693
R304,1558800000,684,468,-216,1152,21,-0.8306779346899344,0.8824328602655481
R304,1558814400,690,415,-275,1105,21,-1.189725540160309,0.7893665319990422
R304,1558828800,348,330,-18,678,21,0.3742614870581023,-0.056150960975384356
R304,1558843200,37,88,51,125,21,0.7941646188793878,-1.1511654190898055
R304,1558857600,70,49,-21,119,21,0.35600482915282905,-1.1630462269536148
R304,1558872000,468,375,-93,843,21,-0.08215496057372977,0.2705712552793706
R304,1558886400,568,437,-131,1005,21,-0.31340596070719134,0.591353067602221
R304,1558900800,545,388,-157,933,21,-0.47163032921955983,0.4487833732365097
R304,1558915200,263,246,-17,509,21,0.3803470396931934,-0.3907937158060122
R304,1558929600,55,76,21,131,21,0.611598039826655,-1.1392846112259962
R304,1558944000,49,40,-9,89,21,0.4290314607739222,-1.222450266272661
R304,1558958400,253,219,-34,472,21,0.2768926448966448,-0.464058697632836
R304,1558972800,375,224,-151,599,21,-0.43511701340901326,-0.2125815978488731
R304,1558987200,351,188,-163,539,21,-0.5081436450301063,-0.3313896764869658
R304,1559001600,143,135,-8,278,22,0.5238571399496432,-0.7184365970338531
R304,1559016000,26,16,-10,42,22,0.5113539047135248,-1.14954007138228
R304,1559030400,184,244,60,428,22,0.9489671379776694,-0.4444301514734121
R304,1559044800,734,883,149,1617,22,1.505361105984939,1.7275276070023498
R304,1559059200,561,375,-186,936,22,-0.5889307960648958,0.48353834415794794
R304,1559073600,870,448,-422,1318,22,-2.064312553926869,1.1813414255185375
R304,1559088000,210,139,-71,349,22,0.13000523001191308,-0.588740212801911
R304,1559102400,32,19,-13,51,22,0.49259905185934716,-1.1330996846486536
R304,1559116800,208,225,17,433,22,0.6801475804011234,-0.4352966032880641
R304,1559131200,802,945,143,1747,22,1.4678514002765837,1.9649998598213987
R304,1559145600,566,372,-194,938,22,-0.6389437370093695,0.48719176343208714
R304,1559160000,833,464,-369,1297,22,-1.7329768201697309,1.1429805231400758
R304,1559174400,205,127,-78,332,22,0.08624390668549863,-0.6197942766320943
R304,1559188800,45,25,-20,70,22,0.4488377285329327,-1.0983922015443313
R304,1559203200,333,211,-122,544,22,-0.18882726850910653,-0.23253183357333776
R304,1559217600,906,1008,102,1914,22,1.2115350779361562,2.270060369212023
R304,1559232000,593,413,-180,1006,22,-0.5514210903565406,0.6114080187528204
R304,1559246400,944,493,-451,1437,22,-2.245609464850586,1.3987198723298206
R304,1559260800,228,192,-36,420,22,0.34881184664398535,-0.45904382856996895
R304,1559275200,47,29,-18,76,22,0.4613409637690511,-1.0874319437219135
R304,1559289600,219,290,71,509,22,1.0177349317763207,-0.296466670870774
R304,1559304000,743,840,97,1583,22,1.18027698984586,1.6654194793419832
R304,1559318400,717,476,-241,1193,22,-0.9327697650581522,0.9530027208848367
R304,1559332800,865,475,-390,1340,22,-1.8642607901489743,1.2215290375340688
R304,1559347200,283,216,-67,499,22,0.15501170048414992,-0.31473376724147006
R304,1559361600,51,39,-12,90,22,0.49885066947740636,-1.061858008802939
R304,1559376000,62,65,3,127,22,0.5926249337482945,-0.9942697522313636
R304,1559390400,434,176,-258,610,22,-1.0390472645651587,-0.11196899752674375
R304,1559404800,465,203,-262,668,22,-1.0640537350373955,-0.006019838576706582
R304,1559419200,534,237,-297,771,22,-1.2828603516694679,0.18213125404146288
R304,1559433600,185,164,-21,349,22,0.4425861109148735,-0.588740212801911
R304,1559448000,51,52,1,103,22,0.5801216985121761,-1.0381107835210341
R304,1559462400,40,34,-6,74,22,0.5363603751857616,-1.0910853629960529
R304,1559476800,329,187,-142,516,22,-0.3138596208702907,-0.28367970341128673
R304,1559491200,384,173,-211,557,22,-0.7452212365163761,-0.2087846082914329
R304,1559505600,329,215,-114,544,22,-0.13881432756463286,-0.23253183357333776
R304,1559520000,116,139,23,255,22,0.7176572861094787,-0.760450918686454
R304,1559534400,21,13,-8,34,22,0.5238571399496432,-1.1641537484788371
R304,1559548528,93,214,121,307,22,1.3303158126792811,-0.6654620175588345
R304,1559548609,3,0,-3,3,22,0.5551152280399393,-1.2207817472279947
R304,1559548800,201,65,-136,266,22,-0.27634991516193547,-0.7403571126786883
R304,1559563200,762,884,122,1646,22,1.3365674302973403,1.7805021864773685
R304,1559577600,550,368,-182,918,22,-0.563924325592659,0.450657570690695
R304,1559592000,881,461,-420,1342,22,-2.0518093186907507,1.2251824568082081
R304,1559606400,222,139,-83,361,23,0.07491490511823994,-0.6475092611404935
R304,1559620800,44,13,-31,57,23,0.32756909492877456,-1.2503324974932126
R304,1559635200,202,218,16,420,23,0.5559296126421424,-0.5305139619799328
R304,1559649600,728,900,172,1628,23,1.3138921820737464,1.864915214053241
R304,1559664000,620,370,-250,990,23,-0.7364937429271308,0.5997796061814158
R304,1559678400,948,452,-496,1400,23,-1.9317424101077367,1.4127977867887016
R304,1559692800,242,206,-36,448,23,0.30327542283160774,-0.47499076915797184
R304,1559707200,50,20,-30,70,23,0.3324278293482079,-1.2245538722544451
R304,1559721600,187,273,86,460,23,0.8960410220024775,-0.45119511509141713
R304,1559736000,724,957,233,1681,23,1.610274981659181,1.9700126861805243
R304,1559750400,577,384,-193,961,23,-0.45954588101942945,0.5422734421872418
R304,1559764800,911,466,-445,1377,23,-1.6839469547166355,1.367189449827805
R304,1559779200,227,146,-81,373,23,0.08463237395710665,-0.6237136070739387
R304,1559793600,32,14,-18,46,23,0.3907326423814082,-1.2721451803875545
R304,1559808000,205,255,50,460,23,0.7211265829028766,-0.45119511509141713
R304,1559822400,726,893,167,1619,23,1.2895985099765794,1.847068473503325
R304,1559836800,585,362,-223,947,23,-0.6053079136024302,0.5145118457762614
R304,1559851200,1055,452,-603,1507,23,-2.451626992987106,1.6249757022154812
R304,1559865600,276,204,-72,480,23,0.12836098373200688,-0.4115356916471593
R304,1559880000,53,55,2,108,23,0.48790733077007536,-1.1492009677103552
R304,1559894400,212,232,20,444,23,0.5753645503198758,-0.4829226538468234
R304,1559908800,705,866,161,1571,23,1.2604461034599794,1.751885857237106
R304,1559923200,691,358,-333,1049,23,-1.1397686997400995,0.7167749053419764
R304,1559937600,922,448,-474,1370,23,-1.8248502528802029,1.3533086516223147
R304,1559952000,312,310,-2,622,23,0.46847239309234195,-0.1299537851929286
R304,1559966400,58,59,1,117,23,0.483048596350642,-1.131354227160439
R304,1559980800,65,32,-33,97,23,0.31785162608990786,-1.171013650604697
R304,1559995200,453,142,-311,595,23,-1.0328765425125657,-0.1834940068426767
R304,1560009600,494,196,-298,690,23,-0.9697129950599319,0.0048882545175480754
R304,1560024000,496,227,-269,723,23,-0.8288096968963645,0.07032630320057352
R304,1560038400,228,275,47,503,23,0.7065503796445766,-0.3659273546862628
R304,1560052800,60,67,7,127,23,0.5122010028672421,-1.1115245154383102
R304,1560067200,40,26,-14,66,23,0.4101675800591416,-1.2324857569432968
R304,1560081600,341,164,-177,505,23,-0.3818061303084957,-0.361961412341837
R304,1560096000,389,210,-179,599,23,-0.39152359914736246,-0.17556212215382513
R304,1560110400,350,160,-190,510,23,-0.4449696777611294,-0.35204655648077254
R304,1560124800,144,145,1,289,23,0.483048596350642,-0.7902831855398217
R304,1560139200,29,18,-11,47,23,0.4247437833174417,-1.2701622092153417
R304,1560153600,227,241,14,468,23,0.5462121438032757,-0.435331345713714
R304,1560157709,329,71,-258,400,23,-0.7753636182825976,-0.5701733854241907
R304,1560168000,419,853,434,1272,23,2.586880599965286,1.1589774767454515
R304,1560182400,528,353,-175,881,23,-0.372088661469629,0.3836357484102105
R304,1560196800,792,434,-358,1226,23,-1.2612370602259335,1.0677608028236583
R304,1560211200,194,117,-77,311,24,0.15059818240820305,-0.8729493218653928
R304,1560225600,35,25,-10,60,24,0.46146066933039886,-1.2949577252774083
R304,1560240000,216,139,-77,355,24,0.15059818240820305,-0.7989717531397805
R304,1560254400,763,911,148,1674,24,1.1945393698334874,1.4186740002484606
R304,1560268800,630,368,-262,998,24,-0.7077534605859198,0.2821095352822354
R304,1560283200,959,475,-484,1434,24,-1.737775432178867,1.0151599890178482
R304,1560297600,244,166,-78,410,24,0.145958443797424,-0.7064997922327652
R304,1560312000,35,16,-19,51,24,0.4197030218333875,-1.3100895006985562
R304,1560326400,189,238,49,427,24,0.7352052473663623,-0.6779175497705967
R304,1560340800,767,947,180,1714,24,1.3430110053784168,1.4859263354535626
R304,1560355200,661,432,-229,1093,24,-0.5546420864302113,0.4418338313943529
R304,1560369600,999,517,-482,1516,24,-1.728495954957309,1.1530272761883074
R304,1560384000,216,130,-86,346,24,0.10884053491119167,-0.8141035285609285
R304,1560398400,30,32,2,62,24,0.5171375326597474,-1.2915951085171533
R304,1560412800,193,221,28,414,24,0.6377707365400024,-0.6997745587122549
R304,1560427200,733,853,120,1586,24,1.0646266887316742,1.2707188627972361
R304,1560441600,603,402,-201,1005,24,-0.42472940532839815,0.2938786939431283
R304,1560456000,991,493,-498,1484,24,-1.8027317727297736,1.0992254080242256
R304,1560470400,250,149,-101,399,24,0.03924445574950604,-0.7249941844141682
R304,1560484800,35,21,-14,56,24,0.4429017148872827,-1.3016829587979186
R304,1560499200,178,213,35,391,24,0.6702489068154557,-0.7384446514551887
R304,1560513600,700,957,257,1657,24,1.700270878408403,1.3900917577862921
R304,1560528000,774,424,-350,1198,24,-1.1160504583344755,0.6183712113077459
R304,1560542400,881,403,-478,1284,24,-1.7099370005141927,0.7629637319987153
R304,1561161600,9076,8201,-875,17277,25,-3.3076338658860642,4.094747786824569
R304,1561176000,59,45,-14,104,25,0.6627564720817325,-0.35737819013819166
R304,1561190400,61,56,-5,117,25,0.7042588101092704,-0.35400792066282244
R304,1561204800,362,204,-158,566,25,-0.0012809363588745988,-0.23760399801353113
R304,1561219200,470,246,-224,716,25,-0.30563141522748616,-0.19871627329773225
R304,1561233600,535,233,-302,768,25,-0.6653183447994817,-0.18523519539625533
R304,1561248000,237,218,-19,455,25,0.6396996176219891,-0.2663809143032223
R304,1561262400,42,69,27,111,25,0.8518226786516275,-0.3555634296514544
R304,1561276800,49,40,-9,89,25,0.6858133265414758,-0.3612669626097716
R304,1561291200,302,159,-143,461,25,0.06788962702035531,-0.26482540531459037
R304,1561305600,389,199,-190,588,25,-0.14884480490123173,-0.23190046505521397
R304,1561320000,337,242,-95,579,25,0.289235429833891,-0.2342337285381619
R304,1561334400,155,155,0,310,25,0.7273156645690138,-0.30397238152849454
R304,1561348800,12,30,18,42,25,0.8103203406240896,-0.3734517830207219
R304,1561363200,197,234,37,431,25,0.8979363875711142,-0.2726029502577501
R304,1561377600,1059,843,-216,1902,25,-0.2687404480918969,0.10875600345518419
R304,1561392000,574,343,-231,917,25,-0.3379110114711268,-0.14660672217856177
R304,1561406400,846,406,-440,1252,25,-1.3016875278883968,-0.059757470313277605
R304,1561420800,216,131,-85,347,26,0.23982623180799664,-0.6813844157241825
R304,1561435200,33,16,-17,49,26,0.5523524014811351,-1.239848752452241
R304,1561449600,194,187,-7,381,26,0.5983121323154201,-0.6176670081780281
R304,1561464000,741,923,182,1664,26,1.466951045083408,1.7867281059900895
R304,1561478400,570,369,-201,939,26,-0.2933066458697101,0.4280480921382693
R304,1561492800,939,470,-469,1409,26,-1.52502743222855,1.308847549393932
R304,1561507200,238,142,-96,380,26,0.1892705278902831,-0.6195410495764444
R304,1561521600,38,18,-20,56,26,0.5385644822308496,-1.2267304626633269
R304,1561536000,210,200,-10,410,26,0.5845242130651347,-0.5633198076239553
R304,1561550400,709,902,193,1611,26,1.5175067490011216,1.6874039118740254
R304,1561564800,552,378,-174,930,26,-0.16921537261714045,0.4111817195525226
R304,1561579200,1369,496,-873,1865,26,-3.3818005579336665,2.1634104270717667
R304,1561593600,383,143,-240,526,26,-0.4725495961234219,-0.3459310054076641
R304,1561608000,36,23,-13,59,26,0.5707362938148491,-1.2211083384680779
R304,1561622400,327,196,-131,523,26,0.02841146997028534,-0.351553129602913
R304,1561636800,984,898,-86,1882,26,0.23523025872456815,2.195269130844844
R304,1561651200,611,424,-187,1035,26,-0.22896302270171104,0.6079560663862345
R304,1561665600,1112,469,-643,1581,26,-2.32472674874511,1.6311826699215362
R304,1561680000,306,169,-137,475,26,0.0008356314697142977,-0.4415071167268956
R304,1561694400,37,35,-2,72,26,0.6212919977325627,-1.196745800288666
R304,1561708800,194,174,-20,368,26,0.5385644822308496,-0.6420295463574401
R304,1561723200,689,770,81,1459,26,1.0027577636571288,1.402549619314747
R304,1561737600,711,369,-342,1080,26,-0.9413388506331296,0.6922879293149681
R304,1561752000,955,410,-545,1365,26,-1.8743213865691164,1.2263897278636147
R304,1561766400,346,253,-93,599,26,0.2030584471405686,-0.20912598332327395
R304,1561780800,74,108,34,182,26,0.786747028735989,-0.9906012464628725
R304,1561795200,59,42,-17,101,26,0.5523524014811351,-1.1423985997345931
R304,1561797310,11,16,5,27,26,0.6534638093165622,-1.2810776632173997
R304,1561809600,439,163,-276,602,26,-0.6380046271268481,-0.20350385912802504
R304,1561824000,497,247,-250,744,26,-0.518509326957707,0.06261001944709009
R304,1561838400,628,301,-327,929,26,-0.872399254381702,0.40930767815410624
R304,1561852800,297,226,-71,523,26,0.30416985497599575,-0.351553129602913
R304,1561867200,62,115,53,177,26,0.8740705173211306,-0.9999714534549541
R304,1561881600,42,53,11,95,26,0.6810396478171333,-1.1536428481250909
R304,1561896000,366,179,-187,545,26,-0.22896302270171104,-0.31032421883775435
R304,1561910400,496,232,-264,728,26,-0.582852950125706,0.03262535707242923
R304,1561924800,362,292,-70,654,26,0.30876582805942426,-0.10605370641037724
R304,1561939200,210,230,20,440,26,0.7224034055679899,-0.5070985656714663
R304,1561953600,29,77,48,106,26,0.851090651903988,-1.1330283927425115
R304,1561968000,188,173,-15,361,26,0.5615443476479921,-0.6551478361463542
R304,1561972016,154,382,228,536,26,1.6783658069211194,-0.3271905914235011
R304,1561982400,754,445,-309,1199,26,-0.7896717388799889,0.9152988557265083
R304,1561996800,610,357,-253,967,26,-0.5322972462079925,0.4805212512939258
R304,1562011200,873,412,-461,1285,26,-1.4882596475611218,1.0764664159903103
R304,1562025600,233,284,51,517,27,0.8934071411918907,0.08437270936385353
R304,1562040000,39,55,16,94,27,0.6453542951773433,-0.9151728475314859
R304,1562054400,185,192,7,377,27,0.5815692776307455,-0.24644615107432027
R304,1562057412,136,234,98,370,27,1.2265066772685687,-0.26298709409622895
R304,1562068800,734,607,-127,1341,27,-0.36811876139637867,2.0314780022285337
R304,1562083200,600,353,-247,953,27,-1.2185856620176838,1.1146371604427376
R304,1562097600,949,430,-519,1379,27,-3.146310636759309,2.1212716929188953
R304,1562112000,264,244,-20,508,27,0.3902142249909518,0.0631057826213995
R304,1562126400,45,58,13,103,27,0.6240926226618108,-0.8939059207890319
R304,1562140800,190,207,17,397,27,0.6524415193491876,-0.19918631386886687
R304,1562155200,790,773,-17,1563,27,0.41147589750648444,2.5560621952090665
R304,1562169600,708,353,-355,1061,27,-1.9840058725768586,1.3698402813521862
R304,1562184000,771,356,-415,1127,27,-2.4092393228875113,1.5257977441301824
R304,1562198400,280,234,-46,514,27,0.20594639652300237,0.07728373378303552
R304,1562212800,25,74,49,99,27,0.8792326928482023,-0.9033578882301225
R304,1562227200,55,37,-18,92,27,0.40438867333464024,-0.9198988312520312
R304,1562241600,369,200,-169,569,27,-0.6657821766138354,0.20724828609803236
R304,1562256000,333,231,-102,564,27,-0.1909381571002734,0.19543332679666903
R304,1562270400,318,404,86,722,27,1.1414599872064382,0.5687860407197509
R304,1562284800,387,189,-198,576,27,-0.8713116775973175,0.22378922911994106
R304,1562299200,55,27,-28,82,27,0.33351643161619815,-0.9435287498547579
R304,1562313600,90,96,6,186,27,0.5744820534589012,-0.6977775963864002
R304,1562315484,25,79,54,104,27,0.9146688137074234,-0.8915429289287592
R304,1562315564,0,1,1,1,27,0.5390459325996803,-1.1349310905368442
R304,1562315644,1,0,-1,1,27,0.5248714842559918,-1.1349310905368442
R304,1562315726,56,37,-19,93,27,0.397301449162796,-0.9175358393917585
R304,1562315806,1,0,-1,1,27,0.5248714842559918,-1.1349310905368442
R304,1562328000,443,351,-92,794,27,-0.1200659153818313,0.7389214546593831
R304,1562342400,519,301,-218,820,27,-1.0130561610342017,0.8003592430264725
R304,1562356800,596,329,-267,925,27,-1.360330145454568,1.048473388355103
R304,1562371200,224,281,57,505,27,0.9359304862229559,0.05601680704058149
R304,1562385600,27,67,40,94,27,0.8154476753016044,-0.9151728475314859
R304,1562400000,52,35,-17,87,27,0.41147589750648444,-0.9317137905533945
R304,1562414400,213,118,-95,331,27,-0.14132758789736394,-0.3551437766468631
R304,1562428800,361,179,-182,540,27,-0.7579160908478102,0.13872152215012495
R304,1562443200,373,159,-214,532,27,-0.9847072643468249,0.11981758726794359
R304,1562457600,173,188,15,361,27,0.6382670710054992,-0.284254020838683
R304,1562472000,36,44,8,80,27,0.5886565018025897,-0.9482547335753033
R304,1562486400,46,21,-25,67,27,0.3547781041317308,-0.978973627758848
R304,1562500800,283,172,-111,455,27,-0.2547231746468713,-0.06213278597305201
R304,1562515200,312,176,-136,488,27,-0.43190377894297655,0.0158459454159461
R304,1562529600,257,224,-33,481,27,0.2980803107569771,-0.0006949976059625895
R304,1562544000,105,112,7,217,27,0.5815692776307455,-0.6245248487179474
R304,1562558400,13,16,3,29,27,0.5532203809433687,-1.0687673184492095
R304,1562572443,69,171,102,240,27,1.2548555739559455,-0.5701760359316761
R304,1562572800,175,76,-99,251,27,-0.16967648458474077,-0.5441831254686766
R304,1562574604,66,125,59,191,27,0.9501049345666445,-0.6859626370850369
R304,1562574685,5,13,8,18,27,0.5886565018025897,-1.094760228912209
R304,1562587200,718,652,-66,1370,27,0.06420191308611817,2.100004766176441
R304,1562601600,580,362,-218,942,27,-1.0130561610342017,1.0886442499797382
R304,1562616000,902,432,-470,1334,27,-2.7990366523389425,2.014937059206625
R304,1562630400,219,138,-81,357,28,0.2174513027581843,-0.6382079864357583
R304,1562644800,39,29,-10,68,28,0.6603746530484204,-1.1793206253961683
R304,1562659200,197,182,-15,379,28,0.6291828678167135,-0.597016020840156
R304,1562673600,796,870,74,1666,28,1.1843966449410939,1.8127139665025704
R304,1562688000,580,390,-190,970,28,-0.4625296152930231,0.5095499640235202
R304,1562702400,879,455,-424,1334,28,-1.9223051641368993,1.1910897584234832
R304,1562716800,279,165,-114,444,28,0.011585520228919679,-0.47531248612587695
R304,1562731200,32,30,-2,62,28,0.7102815094191511,-1.1905547978313327
R304,1562745600,208,226,18,434,28,0.8350486503459782,-0.4940361068511506
R304,1562760000,982,913,-69,1895,28,0.29231158731428053,2.2414848811113384
R304,1562774400,660,347,-313,1007,28,-1.2298475319930093,0.5788273607070329
R304,1562788800,906,482,-424,1388,28,-1.9223051641368993,1.2921973103399613
R304,1562803200,242,209,-33,451,28,0.5168924409825693,-0.46220595161818534
R304,1562817600,30,15,-15,45,28,0.6291828678167135,-1.2223849530642978
R304,1562832000,183,205,22,388,28,0.8600020785313436,-0.5801647621874098
R304,1562846400,769,846,77,1615,28,1.203111716080118,1.7172235008036745
R304,1562860800,660,384,-276,1044,28,-0.9990283212783794,0.6481047573905456
R304,1562875200,979,472,-507,1451,28,-2.4400887989832314,1.4101561209091855
R304,1562889600,203,159,-44,362,28,0.4482705134728143,-0.6288461760731213
R304,1562904000,30,14,-16,44,28,0.6229445107703722,-1.2242573151368252
R304,1562918400,167,174,7,341,28,0.7664267228362233,-0.6681657795961962
R304,1562932800,732,711,-21,1443,28,0.5917527255386654,1.3951772243289666
R304,1562947200,682,366,-316,1048,28,-1.2485626031320334,0.6555942056806551
R304,1562961600,881,417,-464,1298,28,-2.1718394459905532,1.1236847238124978
R304,1562976000,318,257,-61,575,28,0.34221844368501136,-0.23003305462479134
R304,1562990400,57,63,6,120,28,0.7601883657898819,-1.0819577976247452
R304,1563004800,77,49,-28,126,28,0.548084226214276,-1.0707236251895809
R304,1563019200,398,293,-105,691,28,0.06773073364599184,-0.012839054211616319
R304,1563033600,510,300,-210,810,28,-0.5872967562198501,0.20997203241914084
R304,1563048000,531,266,-265,797,28,-0.9304063937686246,0.185631325476285
R304,1563062400,216,185,-31,401,28,0.529369155075252,-0.5558240552445539
R304,1563076800,41,47,6,88,28,0.7601883657898819,-1.141873383945621
R304,1563091200,49,21,-28,70,28,0.548084226214276,-1.1755759012511138
R304,1563105600,323,177,-146,500,28,-0.18804190525400358,-0.37046021006434415
R304,1563120000,363,241,-122,604,28,-0.03832133614181114,-0.17573455452149758
R304,1563134400,312,151,-161,463,28,-0.28161726094912387,-0.4397376067478569
R304,1563148800,141,134,-7,275,28,0.6790897241874444,-0.7917416763830026
R304,1563163200,18,23,5,41,28,0.7539500087435406,-1.2298744013544074
R304,1563177600,191,201,10,392,28,0.7851417939752473,-0.5726753138973002
R304,1563192000,747,848,101,1595,28,1.3528322851923105,1.679776259353127
R304,1563206400,588,328,-260,916,28,-0.8992146085369177,0.40844241210704213
R304,1563220800,873,439,-434,1312,28,-1.9846887346003128,1.149897792827881
R304,1563235200,233,172,-61,405,29,0.12032545186645191,-0.3875270280825956
R304,1563249600,35,32,-3,67,29,0.49348493057856546,-1.0557408963253085
R304,1563264000,197,178,-19,375,29,0.39054438472694797,-0.44683595129940445
R304,1563278400,742,920,178,1662,29,1.6579998555249886,2.097516854701695
R304,1563279677,37,11,-26,48,29,0.34550789591686526,-1.093303214362621
R304,1563292800,555,398,-157,953,29,-0.4973178232432533,0.6958493026777792
R304,1563307200,927,469,-458,1396,29,-2.4338868420768085,1.571644402179323
R304,1563321600,264,258,-6,522,29,0.4741835782313872,-0.15622222753704113
R304,1563336000,36,21,-15,57,29,0.41627952118985234,-1.0755105373975782
R304,1563350400,207,210,3,417,29,0.532087635272922,-0.36380345879587206
R304,1563352615,93,184,91,277,29,1.0982606374568185,-0.6405784338076467
R304,1563352696,5,2,-3,7,29,0.49348493057856546,-1.1743587427589262
R304,1563352777,170,64,-106,234,29,-0.16919483334122243,-0.725587890418406
R304,1563352859,7,0,-7,7,29,0.4677497941156611,-1.1743587427589262
R304,1563364800,631,680,49,1311,29,0.8280417045963224,1.4036024530650313
R304,1563379200,651,365,-286,1016,29,-1.3272759741719198,0.8203980414330778
R304,1563393600,899,435,-464,1334,29,-2.472489546771165,1.4490726275312515
R304,1563408000,253,141,-112,394,29,-0.207797538035579,-0.40927363326209215
R304,1563422400,29,9,-20,38,29,0.3841106006112219,-1.1130728554348903
R304,1563436800,189,178,-11,367,29,0.4420146576527567,-0.46265166415722014
R304,1563451200,738,963,225,1701,29,1.9603877089641153,2.174618454883546
R304,1563465600,593,379,-214,972,29,-0.8640435178396408,0.7334116207150915
R304,1563480000,936,458,-478,1394,29,-2.56256252439133,1.5676904739648692
R304,1563494400,265,174,-91,439,29,-0.07268807160533097,-0.32031024843687894
R304,1563508800,42,66,24,108,29,0.66719710170317,-0.9746853679290031
R304,1563523200,183,191,8,374,29,0.5642565558515525,-0.44881291540663143
R304,1563537600,679,755,76,1434,29,1.001753875720927,1.6467690382539475
R304,1563552000,724,354,-370,1078,29,-1.867713839892912,0.9429698160811494
R304,1563566400,546,299,-247,845,29,-1.0763583936586019,0.48233717909726737
R304,1563580800,250,200,-50,450,29,0.19109707713943896,-0.2985636432573823
R304,1563595200,52,50,-2,102,29,0.49991871469429155,-0.9865471525723649
R304,1563609600,45,33,-12,78,29,0.4355808735370306,-1.033994291145812
R304,1563624000,358,275,-83,633,29,-0.021217798679522205,0.06322078836515158
R304,1563638400,422,236,-186,658,29,-0.6838975625993101,0.11264489104582562
R304,1563652800,373,244,-129,617,29,-0.31717186800292263,0.0315893626495202
R304,1563667200,200,191,-9,391,29,0.4548822258842089,-0.4152045255837731
R304,1563681600,35,43,8,78,29,0.5642565558515525,-1.033994291145812
R304,1563696000,40,23,-17,63,29,0.40341195295840016,-1.0636487527542164
R304,1563710400,291,182,-109,473,29,-0.1884961856884007,-0.25309346879116223
R304,1563724800,344,194,-150,538,29,-0.45228133443317065,-0.12459080182140975
R304,1563739200,269,158,-111,427,29,-0.2013637539198529,-0.3440338177236025
R304,1563753600,117,109,-8,226,29,0.461316009999935,-0.7414036032762217
R304,1563768000,17,19,2,36,29,0.525653851157196,-1.1170267836493444
R304,1563782400,197,193,-4,390,29,0.48705114646283937,-0.417181489691
R304,1563796800,695,838,143,1533,29,1.4328174114745755,1.8424884848694167
R304,1563811200,566,413,-153,979,29,-0.4715826867803489,0.7472503694656802
R304,1563825600,860,484,-376,1344,29,-1.9063165445872685,1.4688422686035212
R304,1563840000,204,128,-76,332,30,0.12448104618656457,-0.7239457383707882
R304,1563854400,33,14,-19,47,30,0.4365309148469159,-1.2675521926897353
R304,1563868800,200,208,8,408,30,0.584344010528135,-0.578984017219069
R304,1563883200,753,907,154,1660,30,1.3836296390265788,1.8090695996487265
R304,1563897600,564,368,-196,932,30,-0.5324660457299646,0.4204889023006793
R304,1563912000,1034,425,-609,1459,30,-2.7934589537426855,1.425683995023785
R304,1563926400,237,184,-53,421,30,0.250395905470566,-0.5541879333378539
R304,1563940800,40,19,-21,59,30,0.4255817966483071,-1.244663499876306
R304,1563955200,206,209,3,415,30,0.556971215031613,-0.5656322797445685
R304,1563969600,758,911,153,1669,30,1.3781550799272744,1.8262361192587986
R304,1563984000,619,401,-218,1020,30,-0.6529063459146616,0.5883393162658279
R304,1563998400,947,469,-478,1416,30,-2.076291711733808,1.3436661791089963
R304,1564012800,298,245,-53,543,30,0.250395905470566,-0.3214862230679888
R304,1564027200,33,40,7,73,30,0.5788694514288305,-1.217960024927305
R304,1564041600,203,200,-3,403,30,0.5241238604357864,-0.5885209725579978
R304,1564056000,762,918,156,1680,30,1.3945787572251875,1.847217421004442
R304,1564070400,592,452,-140,1044,30,-0.22589073616891764,0.6341167018926865
R304,1564084800,999,485,-514,1484,30,-2.2733758393087666,1.4733687717184294
R304,1564099200,303,252,-51,555,30,0.2613450236691748,-0.2985975302545595
R304,1564113600,43,60,17,103,30,0.6336150424218746,-1.1607382928937318
R304,1564128000,184,181,-3,365,30,0.5241238604357864,-0.6610018331338575
R304,1564142400,702,749,47,1451,30,0.7978518154010069,1.4104248664814987
R304,1564156800,720,411,-309,1131,30,-1.1510912239513629,0.8000597247900494
R304,1564171200,884,381,-503,1265,30,-2.213155689216418,1.0556501278733437
R304,1564185600,270,273,3,543,30,0.556971215031613,-0.3214862230679888
R304,1564200000,50,73,23,123,30,0.6664623970177012,-1.1225904715380162
R304,1564214400,65,39,-26,104,30,0.39820900115178504,-1.158830901825946
R304,1564228800,431,170,-261,601,30,-0.8883123871847511,-0.2108575411364136
R304,1564243200,497,334,-163,831,30,-0.35180559545291906,0.22784240445431558
R304,1564257600,453,261,-192,714,30,-0.5105678093327469,0.004677649523379432
R304,1564272000,240,256,16,496,30,0.6281404833225702,-0.41113360325392045
R304,1564286400,61,75,14,136,30,0.6171913651239614,-1.097794387656801
R304,1564300800,36,24,-12,60,30,0.47485282854204675,-1.2427561088085202
R304,1564315200,330,217,-113,547,30,-0.0780776404876986,-0.3138566587968457
R304,1564329600,393,237,-156,630,30,-0.3134836817577882,-0.15554320017062603
R304,1564344000,351,262,-89,613,30,0.05331177789560724,-0.18796884832298427
R304,1564358400,122,151,29,273,30,0.6993097516135276,-0.8364818113701492
R304,1564372800,20,18,-2,38,30,0.5295984195350909,-1.2847187122998074
R304,1564387200,212,188,-24,400,30,0.40915811935039387,-0.5942431457613553
R304,1564401600,745,874,129,1619,30,1.2467656615439686,1.7308665658695095
R304,1564416000,606,380,-226,986,30,-0.6967028187090969,0.5234880199611114
R304,1564430400,816,420,-396,1236,30,-1.6273778655908464,1.0003357869075562
R304,1564444800,249,168,-81,417,31,0.12848620659285825,-0.6953609866687831
R304,1564459200,30,19,-11,49,31,0.4987380540645595,-1.3596582537600423
R304,1564473600,194,220,26,414,31,0.6944426020138874,-0.7007764535200705
R304,1564488000,801,879,78,1680,31,0.969486831564294,1.5845505577232288
R304,1564502400,563,354,-209,917,31,-0.5485457430696812,0.20721682187912346
R304,1564516800,885,427,-458,1312,31,-1.8655844576475897,0.9202532906319696
R304,1564531200,225,166,-59,391,31,0.24485107294110722,-0.7422950327132742
R304,1564545600,42,26,-16,68,31,0.4722914935308666,-1.3253602970352218
R304,1564560000,214,210,-4,424,31,0.5357632388117296,-0.6827248973491123
R304,1564574400,768,877,109,1645,31,1.1334555068731902,1.5213701111248754
R304,1564588800,604,453,-151,1057,31,-0.241765640878843,0.4599386082725373
R304,1564603200,869,464,-405,1333,31,-1.5852509159904447,0.9581615585909817
R304,1564617600,203,139,-64,342,31,0.21840451240741426,-0.830747657950969
R304,1564632000,37,37,0,74,31,0.5569204872386839,-1.314529363332647
R304,1564646400,197,195,-2,392,31,0.5463418630252068,-0.7404898770961784
R304,1564660800,726,853,127,1579,31,1.2286631247944848,1.4022298403965516
R304,1564675200,598,378,-220,976,31,-0.6067281762438056,0.31372100328777647
R304,1564689600,969,470,-499,1439,31,-2.0824462540238717,1.149508054003138
R304,1564704000,276,218,-58,494,31,0.2501403850478458,-0.5563640041524055
R304,1564718400,37,36,-1,73,31,0.5516311751319454,-1.3163345189497428
R304,1564732800,174,183,9,357,31,0.6045242961993312,-0.8036703236945318
R304,1564747200,708,810,102,1518,31,1.09643032212602,1.292115347753707
R304,1564761600,636,423,-213,1059,31,-0.5697029914966355,0.46354891950672894
R304,1564776000,885,358,-527,1243,31,-2.2305469930125525,0.7956975530523586
R304,1565395200,9037,9760,723,18797,32,3.4315453677982917,4.103192517799659
R304,1565409600,55,59,4,114,32,0.25547012285475373,-0.3469247904202945
R304,1565424000,58,39,-19,97,32,0.15387105382318023,-0.350974032738966
R304,1565438400,459,201,-258,660,32,-0.9018757939396925,-0.21687265477355175
R304,1565452800,490,289,-201,779,32,-0.6500867967744886,-0.18852795854285143
R304,1565467200,509,355,-154,864,32,-0.4424713078838818,-0.16828174694949402
R304,1565481600,237,197,-40,434,32,0.06110668644652612,-0.27070375853941964
R304,1565496000,40,87,47,127,32,0.44541620843552165,-0.34382831100013395
R304,1565510400,49,24,-25,73,32,0.1273669488584219,-0.35669061013003156
R304,1565524800,362,162,-200,524,32,-0.6456694459470288,-0.24926659332292359
R304,1565539200,364,246,-118,610,32,-0.2834466780953319,-0.22878219100493846
R304,1565553600,385,250,-135,635,32,-0.3585416421621471,-0.22282742288924512
R304,1565568000,192,173,-19,365,32,0.15387105382318023,-0.28713891853873325
R304,1565582400,17,36,19,53,32,0.32173038526664954,-0.36145442462258626
R304,1565596800,184,146,-38,330,32,0.06994138810144555,-0.29547559390070394
R304,1565611200,734,833,99,1567,32,0.6751184514634271,-0.0008336675361970688
R304,1565625600,593,362,-231,955,32,-0.7826073215982802,-0.14660639100837025
R304,1565640000,854,431,-423,1285,32,-1.6307386804705462,-0.06800345188121804
R304,1565654400,207,232,25,439,33,0.5679617915138632,-0.21761572126193135
R304,1565668800,37,33,-4,70,33,0.38119681795449883,-0.8503752800081623
R304,1565683200,170,197,27,367,33,0.5808421345179572,-0.3410810010172935
R304,1565697600,737,763,26,1500,33,0.5744019630159102,1.6017823595775025
R304,1565712000,568,369,-199,937,33,-0.8746366249446746,0.6363524637126569
R304,1565726400,816,441,-375,1257,33,-2.0081068093049543,1.1850870404031553
R304,1565740800,252,204,-48,456,33,0.09782927186442891,-0.18846419687524862
R304,1565755200,29,12,-17,41,33,0.29747458842788727,-0.9001043510207388
R304,1565769600,193,184,-9,377,33,0.3489959604442636,-0.32393304549571544
R304,1565784000,766,828,62,1594,33,0.8062481370896037,1.7629731414803365
R304,1565798400,622,374,-248,996,33,-1.19020502854498,0.7375254012899676
R304,1565812800,877,464,-413,1341,33,-2.252833326382742,1.3291298667844111
R304,1565827200,231,147,-84,378,33,-0.13401690220926468,-0.32221824994355763
R304,1565841600,33,15,-18,48,33,0.29103441692584026,-0.8881007821556341
R304,1565856000,199,186,-13,385,33,0.32323527443607547,-0.31021468107845296
R304,1565870400,743,844,101,1587,33,1.0574148256694387,1.750969572615232
R304,1565884800,578,389,-189,967,33,-0.8102349099242043,0.6877963302773911
R304,1565899200,872,495,-377,1367,33,-2.0209871523090484,1.3737145511405142
R304,1565913600,249,231,-18,480,33,0.29103441692584026,-0.14730910362346122
R304,1565928000,39,42,3,81,33,0.4262780184688282,-0.8315125289344265
R304,1565942400,192,234,42,426,33,0.6774447070486629,-0.23990806343998283
R304,1565956800,812,1059,247,1871,33,1.997679864968307,2.237971509428049
R304,1565971200,609,429,-180,1038,33,-0.7522733664057809,0.8095468144805954
R304,1565985600,853,361,-492,1214,33,-2.7616068750444587,1.1113508316603695
R304,1566000000,259,224,-35,483,33,0.18155150139104048,-0.1421647169669878
R304,1566014400,4,6,2,10,33,0.4198378469667811,-0.9532630131376308
R304,1566028800,0,2,2,2,33,0.4198378469667811,-0.9669813775548933
R304,1566043200,2,4,2,6,33,0.4198378469667811,-0.9601221953462621
R304,1566057600,0,1,1,1,33,0.41339767546473405,-0.9686961731070511
R304,1566072000,2,3,1,5,33,0.41339767546473405,-0.9618369908984199
R304,1566086400,1,1,0,2,33,0.40695750396268704,-0.9669813775548933
R304,1566100800,4,13,9,17,33,0.4649190474811104,-0.9412594442725262
R304,1566115200,0,1,1,1,33,0.41339767546473405,-0.9686961731070511
R304,1566129600,10,23,13,33,33,0.4906797334892986,-0.9138227154380012
R304,1566144000,0,8,8,8,33,0.4584788759790634,-0.9566926042419465
R304,1566158400,0,2,2,2,33,0.4198378469667811,-0.9669813775548933
R304,1566172800,1,4,3,5,33,0.4262780184688282,-0.9618369908984199
R304,1566187200,5,4,-1,9,33,0.40051733246064,-0.9549778086897887
R304,1566201600,174,178,4,352,33,0.4327181899708752,-0.3668029342996606
R304,1566216000,714,816,102,1530,33,1.0638549971714857,1.6532262261422368
R304,1566230400,541,342,-199,883,33,-0.8746366249446746,0.5437535038961353
R304,1566244800,810,392,-418,1202,33,-2.2850341838929773,1.0907732850344758
R304,1566259200,206,174,-32,380,34,-0.039789405740039085,-0.33880002704774786
R304,1566273600,26,35,9,61,34,0.2834056729597123,-0.8896790030654331
R304,1566288000,176,192,16,368,34,0.3385853205425967,-0.3595227471487266
R304,1566302400,704,893,189,1597,34,1.7023108965195968,1.7628291698598477
R304,1566316800,562,335,-227,897,34,-1.5769367312632472,0.5540038306360869
R304,1566331200,802,413,-389,1215,34,-2.853951432467143,1.103155913312024
R304,1566345600,200,244,44,444,34,0.5593039108741343,-0.22827885317586114
R304,1566360000,30,35,5,65,34,0.2518744457694927,-0.8827714296984402
R304,1566374400,196,207,11,403,34,0.29917128655482217,-0.29908148018753855
R304,1566388800,750,725,-25,1475,34,0.015390241842845308,1.5521481821665637
R304,1566403200,547,695,148,1242,34,1.3791158178198455,1.1497820335392261
R304,1566417600,847,588,-259,1435,34,-1.8291865487850043,1.4830724484966344
R304,1566432000,217,284,67,501,34,0.7406084672178973,-0.12984593269621206
R304,1566446400,33,26,-7,59,34,0.15728076419883374,-0.8931327897489296
R304,1566460800,186,236,50,422,34,0.6066007516594638,-0.26627050669432223
R304,1566475200,750,807,57,1557,34,0.6617803992423482,1.6937534361899185
R304,1566489600,623,666,43,1289,34,0.5514211040765794,1.230946020601393
R304,1566504000,857,552,-305,1409,34,-2.1917956614725305,1.4381732216111804
R304,1566518400,228,270,42,498,34,0.5435382972790245,-0.13502661272145675
R304,1566532800,40,55,15,95,34,0.33070251374504184,-0.8309646294459934
R304,1566547200,180,154,-26,334,34,0.007507435045290395,-0.41823712076816644
R304,1566561600,674,650,-24,1324,34,0.02327304864040022,1.291387287562581
R304,1566576000,646,597,-49,1243,34,-0.1737971212984726,1.1515089268809744
R304,1566590400,706,634,-72,1340,34,-0.35510167764223566,1.3190175810305527
R304,1566604800,227,359,132,586,34,1.2529909090589668,0.01694000135238747
R304,1566619200,0,10,10,10,34,0.29128847975726724,-0.9777505634945929
R304,1566633600,0,7,7,7,34,0.2676400593646025,-0.9829312435198375
R304,1566648000,0,8,8,8,34,0.27552286616215743,-0.9812043501780893
R304,1566662400,0,2,2,2,34,0.22822602537682796,-0.9915657102285786
R304,1566676800,2,2,0,4,34,0.21246041178171815,-0.9881119235450823
R304,1566691200,0,0,0,0,34,0.21246041178171815,-0.9950194969120751
R304,1566705600,0,0,0,0,34,0.21246041178171815,-0.9950194969120751
R304,1566720000,0,1,1,1,34,0.22034321857927305,-0.9932926035703269
R304,1566734400,1,8,7,9,34,0.2676400593646025,-0.979477456836341
R304,1566748800,1,2,1,3,34,0.22034321857927305,-0.9898388168868304
R304,1566763200,4,4,0,8,34,0.21246041178171815,-0.9812043501780893
R304,1566777600,0,2,2,2,34,0.22822602537682796,-0.9915657102285786
R304,1566792000,1,2,1,3,34,0.22034321857927305,-0.9898388168868304
R304,1566806400,190,176,-14,366,34,0.10210111661594935,-0.36297653383222306
R304,1566820800,691,775,84,1466,34,0.8746161827763308,1.5366061420908297
R304,1566835200,568,341,-227,909,34,-1.5769367312632472,0.5747265507370657
R304,1566849600,795,368,-427,1163,34,-3.15349809077423,1.0133574595411161
R304,1566864000,185,178,-7,363,35,0.5515814791705143,-0.5598699523153886
R304,1566878400,39,14,-25,53,35,0.4310276779988147,-1.247753955254556
R304,1566892800,182,191,9,373,35,0.6587404135453583,-0.5376801457689638
R304,1566907200,696,739,43,1435,35,0.8864531490919019,1.8188773094613455
R304,1566921600,702,345,-357,1047,35,-1.792520210279199,0.9579128154600648
R304,1566936000,819,418,-401,1237,35,-2.0872072798100203,1.3795191398421351
R304,1566950400,206,161,-45,367,35,0.2970790100302596,-0.5509940296968187
R304,1566964800,27,36,9,63,35,0.6587404135453583,-1.2255641487081312
R304,1566979200,193,188,-5,381,35,0.5649763459673698,-0.519928300531824
R304,1566993600,748,775,27,1523,35,0.7792942147170578,2.014147607069883
R304,1567008000,541,455,-86,996,35,0.02248424069472177,0.8447448020732986
R304,1567022400,841,476,-365,1317,35,-1.846099677466621,1.5570375922135333
R304,1567036800,189,210,21,399,35,0.7391096143264914,-0.4799866487482594
R304,1567051200,26,77,51,103,35,0.9400326162793239,-1.1368049225224321
R304,1567065600,187,221,34,408,35,0.8261762485060521,-0.46001582285647713
R304,1567080000,761,818,57,1579,35,0.9802172166698904,2.138410523729862
R304,1567094400,641,363,-278,1004,35,-1.2634229718034067,0.8624966473104384
R304,1567108800,871,432,-439,1303,35,-2.341709748950275,1.5259718630485386
R304,1567123200,219,160,-59,379,35,0.20331494245227108,-0.5243662618411089
R304,1567137600,40,66,26,106,35,0.7725967813186301,-1.1301479805585048
R304,1567152000,154,157,3,311,35,0.6185558131547918,-0.6752569463567973
R304,1567166400,583,635,52,1218,35,0.9467300496777517,1.3373585074039283
R304,1567180800,717,366,-351,1083,35,-1.7523356098886325,1.037796119027194
R304,1567195200,721,386,-335,1107,35,-1.6451766755137887,1.0910516547386133
R304,1567209600,235,236,1,471,35,0.6051609463579363,-0.3202200416140012
R304,1567224000,44,72,28,116,35,0.7859916481154856,-1.10795817401208
R304,1567238400,59,38,-21,97,35,0.4578174115925257,-1.1501188064502872
R304,1567252800,411,208,-203,619,35,-0.7611154669213253,0.00818909527308523
R304,1567267200,501,264,-237,765,35,-0.9888282024678688,0.3321602708508867
R304,1567281600,561,270,-291,831,35,-1.3504896059829676,0.4786129940572901
R304,1567296000,223,308,85,531,35,1.1677453518258676,-0.18708120233545264
R304,1567310400,42,86,44,128,35,0.8931505824903296,-1.0813304061563704
R304,1567324800,36,35,-1,71,35,0.5917660795610807,-1.2078123034709916
R304,1567339200,389,167,-222,556,35,-0.8883667014914526,-0.13160668596939074
R304,1567353600,437,282,-155,719,35,-0.43963866379679317,0.2300871607373328
R304,1567368000,435,294,-141,729,35,-0.3458745962188046,0.25227696728375754
R304,1567382400,168,211,43,379,35,0.8864531490919019,-0.5243662618411089
R304,1567396800,30,71,41,101,35,0.8730582822950463,-1.1412428838317172
R304,1567411200,46,30,-16,76,35,0.4913045785846645,-1.1967174001977792
R304,1567425600,290,212,-78,502,35,0.07606370788214378,-0.25143164132008444
R304,1567440000,300,207,-93,507,35,-0.0243977930942725,-0.24033673804687206
R304,1567454400,303,187,-116,490,35,-0.1784387612581108,-0.27805940917579414
R304,1567468800,131,139,8,270,36,0.49116459072828555,-0.8614294064559124
R304,1567483200,22,65,43,87,36,0.6883278753734466,-1.2100837728603433
R304,1567497600,193,231,38,424,36,0.6601616918527093,-0.5680262784434404
R304,1567512000,734,828,94,1562,36,0.9756229472849671,1.6001085246617093
R304,1567526400,545,330,-215,875,36,-0.7650471942965976,0.29122573930737017
R304,1567540800,833,466,-367,1299,36,-1.6212991733270115,1.09903694890015
R304,1567555200,173,242,69,415,36,0.8347920296812806,-0.5851732144961174
R304,1567569600,36,33,-3,69,36,0.4291989869826635,-1.2443776449656971
R304,1567584000,196,246,50,442,36,0.727760532302479,-0.5337324063380866
R304,1567598400,756,963,207,1719,36,1.6121786948536299,1.8992272980250735
R304,1567612800,609,376,-233,985,36,-0.8664454549712519,0.5007994021734216
R304,1567627200,848,417,-431,1265,36,-1.9818263223924486,1.0342596349233706
R304,1567641600,193,201,8,394,36,0.49116459072828555,-0.6251827319523636
R304,1567656000,32,40,8,72,36,0.49116459072828555,-1.238661999614805
R304,1567670400,222,270,48,492,36,0.7164940588941839,-0.43847165048988146
R304,1567684800,782,938,156,1720,36,1.3248836229421095,1.9011325131420376
R304,1567699200,625,417,-208,1042,36,-0.7256145373675654,0.6093966638403754
R304,1567713600,912,487,-425,1399,36,-1.948026902167564,1.2895584605965604
R304,1567728000,243,241,-2,484,36,0.43483222368681096,-0.45371337142559426
R304,1567742400,56,41,-15,97,36,0.361600146532894,-1.1910316216907022
R304,1567756800,217,231,14,448,36,0.5249640109531704,-0.522301115636302
R304,1567771200,801,873,72,1674,36,0.851691739793723,1.8134926177616888
R304,1567785600,689,370,-319,1059,36,-1.3509038115279333,0.6417853208287652
R304,1567800000,842,408,-434,1250,36,-1.998726032504891,1.005681408168909
R304,1567814400,211,241,30,452,36,0.6150957982195296,-0.5146802551684456
R304,1567828800,50,80,30,130,36,0.6150957982195296,-1.128159522830887
R304,1567843200,90,39,-51,129,36,0.15880362518358548,-1.130064737947851
R304,1567857600,373,240,-133,613,36,-0.3031217845565061,-0.20794062133722493
R304,1567872000,549,266,-283,815,36,-1.148107290178625,0.17691283228952395
R304,1567886400,596,325,-271,921,36,-1.0805084497288553,0.3788656346877189
R304,1567900800,277,278,1,555,36,0.45173193379925336,-0.3184430981211429
R304,1567915200,50,118,68,168,36,0.8291587929771331,-1.055761348386251
R304,1567929600,41,31,-10,72,36,0.3897663300536313,-1.238661999614805
R304,1567944000,382,209,-173,591,36,-0.5284512527224045,-0.2498553539104352
R304,1567958400,445,299,-146,744,36,-0.37635386171042307,0.04164255898507261
R304,1567972800,408,240,-168,648,36,-0.5002850692016672,-0.14125809224348132
R304,1567987200,125,132,7,257,36,0.4855313540241381,-0.8861972029764458
R304,1568001600,23,35,12,58,36,0.5136975375448753,-1.2653350112523023
R304,1568016000,239,271,32,510,36,0.6263622716278245,-0.40417777838452756
R304,1568030400,754,993,239,1747,36,1.7924422693863487,1.9525733213000682
R304,1568044800,616,359,-257,975,36,-1.001643135870791,0.4817472510037805
R304,1568059200,909,493,-416,1402,36,-1.8973277718302368,1.2952741059474526
R304,1568073600,207,142,-65,349,37,-0.04996091244043551,-0.28142958471011736
R304,1568088000,34,11,-23,45,37,0.2118061217545224,-0.8019265734861248
R304,1568102400,223,249,26,472,37,0.5172009949819732,-0.0708337635935091
R304,1568116800,792,1049,257,1841,37,1.956919683054242,2.273114847045814
R304,1568131200,650,394,-256,1044,37,-1.2403776631841725,0.9085224126560839
R304,1568145600,912,524,-388,1436,37,-2.063074056368326,1.5796895823935673
R304,1568160000,265,221,-44,486,37,0.08092260465704344,-0.046863507531456114
R304,1568174400,33,27,-6,60,37,0.3177594451191482,-0.7762441562767824
R304,1568188800,268,244,-24,512,37,0.2055735733213091,-0.0023473177019291574
R304,1568203200,859,1084,225,1943,37,1.7574781331914167,2.4477552840693426
R304,1568217600,698,555,-143,1253,37,-0.5360996902310716,1.2663640924395891
R304,1568232000,983,477,-506,1460,37,-2.7985147714874934,1.6207814499285154
R304,1568246400,520,277,-243,797,37,-1.1593545335523998,0.4856186092755779
R304,1568260800,74,36,-38,110,37,0.11831789525632314,-0.6906360989123075
R304,1568275200,217,249,32,466,37,0.554596285581253,-0.08110673047724608
R304,1568289600,803,1025,222,1828,37,1.738780487891777,2.2508567521310505
R304,1568304000,666,413,-253,1079,37,-1.2216800178845326,0.9684480528112164
R304,1568318400,910,479,-431,1389,37,-2.331073638996497,1.499218008470961
R304,1568332800,230,236,6,466,37,0.39255002631770763,-0.08110673047724608
R304,1568347200,39,22,-17,61,37,0.24920141235380208,-0.7745319951294929
R304,1568361600,212,241,29,453,37,0.5358986402816132,-0.10336482539200956
R304,1568376000,708,899,191,1607,37,1.545571486462165,1.8724691385800714
R304,1568390400,696,372,-324,1068,37,-1.6641909566426758,0.9496142801910319
R304,1568404800,923,402,-521,1325,37,-2.8920029979856925,1.389639695044433
R304,1568408468,103,84,-19,187,37,0.23673631548737553,-0.5587996905710161
R304,1568408548,52,31,-21,83,37,0.22427121862094895,-0.7368644498891239
R304,1568408628,0,0,0,0,37,0.3551547357184279,-0.8789738251141523
R304,1568408709,0,0,0,0,37,0.3551547357184279,-0.8789738251141523
R304,1568408787,4,0,-4,4,37,0.33022454198557477,-0.8721251805249943
R304,1568408868,1,2,1,3,37,0.3613872841516412,-0.8738373416722838
R304,1568408948,2,1,-1,3,37,0.3489221872852146,-0.8738373416722838
R304,1568409029,8,10,2,18,37,0.3676198325848545,-0.8481549244629414
R304,1568409109,3,1,-2,4,37,0.3426896388520013,-0.8721251805249943
R304,1568409189,2,2,0,4,37,0.3551547357184279,-0.8721251805249943
R304,1568409270,5,3,-2,8,37,0.3426896388520013,-0.8652765359358363
R304,1568409350,3,6,3,9,37,0.3738523810180678,-0.8635643747885469
R304,1568409431,3,0,-3,3,37,0.3364570904187881,-0.8738373416722838
R304,1568409511,2,1,-1,3,37,0.3489221872852146,-0.8738373416722838
R304,1568409592,4,2,-2,6,37,0.3426896388520013,-0.8687008582304153
R304,1568409672,6,0,-6,6,37,0.3177594451191482,-0.8687008582304153
R304,1568409753,4,3,-1,7,37,0.3489221872852146,-0.8669886970831259
R304,1568409833,1,0,-1,1,37,0.3489221872852146,-0.8772616639668628
R304,1568409914,0,0,0,0,37,0.3551547357184279,-0.8789738251141523
R304,1568409994,4,0,-4,4,37,0.33022454198557477,-0.8721251805249943
R304,1568419200,113,154,41,267,37,0.6106892214801726,-0.4218267987878562
R304,1568433600,54,71,17,125,37,0.46110805908305375,-0.664953681702965
R304,1568448000,47,40,-7,87,37,0.3115268966859349,-0.7300158052999659
R304,1568462400,347,252,-95,599,37,-0.23693736543683402,0.14661070211225719
R304,1568476800,459,299,-160,758,37,-0.6420530135956974,0.41884432453128745
R304,1568491200,490,278,-212,768,37,-0.9661455321227881,0.43596593600418243
R304,1568505600,181,189,8,370,37,0.4050151231841342,-0.24547420061703792
R304,1568520000,52,65,13,117,37,0.4361778653502006,-0.678650970881281
R304,1568534400,46,20,-26,66,37,0.19310847645488255,-0.7659711893930454
R304,1568548800,343,199,-144,542,37,-0.5423322386642849,0.04901751671675579
R304,1568563200,364,230,-134,594,37,-0.48000675433215206,0.1380498963758097
R304,1568577600,393,245,-148,638,37,-0.567262432397138,0.21338498685654764
R304,1568592000,134,162,28,296,37,0.5296660918483999,-0.3721741255164608
R304,1568606400,11,28,17,39,37,0.46110805908305375,-0.8121995403698619
R304,1568620800,195,240,45,435,37,0.6356194152130257,-0.13418372604322054
R304,1568635200,805,1012,207,1817,37,1.6452922613935776,2.232022979510866
R304,1568649600,617,399,-218,1016,37,-1.0035408227220677,0.860581900531978
R304,1568664000,901,491,-410,1392,37,-2.200190121899018,1.5043544919128293
R304,1568678400,222,178,-44,400,38,0.2661987091240847,-0.603919172690245
R304,1568692800,38,40,2,78,38,0.4869265657883472,-1.169763906753074
R304,1568707200,213,230,17,443,38,0.5589030407875633,-0.5283560560296808
R304,1568721600,791,1007,216,1798,38,1.5137909424438292,1.8527607596694913
R304,1568736000,647,425,-222,1072,38,-0.5879221275332788,0.57697418535392
R304,1568750400,937,524,-413,1461,38,-1.5044225758566296,1.2605567988646047
R304,1568764800,276,202,-74,478,38,0.12224575912565265,-0.46685119363154726
R304,1568779200,48,15,-33,63,38,0.31898145745684314,-1.1961231334951312
R304,1568793600,242,258,16,500,38,0.5541046091209488,-0.4281909944098633
R304,1568808000,795,1009,214,1804,38,1.5041940791106003,1.863304450366314
R304,1568822400,630,413,-217,1043,38,-0.5639299692002068,0.5260130136526092
R304,1568836800,991,499,-492,1490,38,-1.8834986775191673,1.3115179705659155
R304,1568851200,239,209,-30,448,38,0.3333767524566863,-0.5195696471156618
R304,1568865600,39,23,-16,62,38,0.40055479578928793,-1.197880415277935
R304,1568880000,229,227,-2,456,38,0.46773283912188957,-0.5055113928532312
R304,1568894400,765,942,177,1707,38,1.3266521074458675,1.6928481174343437
R304,1568908800,638,380,-258,1018,38,-0.7606656675313973,0.4820809690825138
R304,1568923200,968,508,-460,1476,38,-1.7299488641875065,1.2869160256066619
R304,1568937600,261,211,-50,472,38,0.2374081191243983,-0.4773948843283702
R304,1568952000,35,27,-8,62,38,0.43894224912220314,-1.197880415277935
R304,1568966400,202,230,28,432,38,0.6116857891203217,-0.5476861556405228
R304,1568980800,698,819,121,1517,38,1.057939934115461,1.3589645787016185
R304,1568995200,940,488,-452,1428,38,-1.6915614108545913,1.2025665000320787
R304,1569009600,1209,392,-817,1601,38,-3.442988969168848,1.506576248457139
R304,1569024000,226,253,27,479,38,0.6068873574537073,-0.46509391184874344
R304,1569038400,47,69,22,116,38,0.5828951991206353,-1.102987199006529
R304,1569052800,53,32,-21,85,38,0.37656263745621593,-1.1574629342734473
R304,1569067200,374,222,-152,596,38,-0.2520319108702707,-0.2594919432606969
R304,1569081600,465,309,-156,774,38,-0.2712256375367283,0.05330421407838251
R304,1569096000,550,227,-323,777,38,-1.0725637258613334,0.05857605942679396
R304,1569110400,238,190,-48,428,38,0.2470049824576271,-0.5547152827717381
R304,1569124800,42,77,35,119,38,0.6452748107866224,-1.0977153536581175
R304,1569139200,43,29,-14,72,38,0.4101516591225168,-1.1803075974498969
R304,1569153600,315,168,-147,483,38,-0.2280397525371987,-0.4580647847175282
R304,1569168000,406,231,-175,637,38,-0.3623958392024019,-0.1874433901657404
R304,1569182400,322,200,-122,522,38,-0.10807896087183864,-0.38953079518817935
R304,1569196800,123,137,14,260,38,0.54450774578772,-0.8499386222827794
R304,1569211200,11,29,18,40,38,0.5637014724541776,-1.2365406144996192
R304,1569225600,209,239,30,448,38,0.6212826524535504,-0.5195696471156618
R304,1569240000,768,967,199,1735,38,1.4322176041113843,1.7420520073528505
R304,1569254400,618,367,-251,985,38,-0.7270766458650965,0.42409067024998787
R304,1569268800,843,526,-317,1369,38,-1.043773135861647,1.0988868748466536
R304,1569283200,208,165,-43,373,39,0.3406111296163307,-0.6525707402144664
R304,1569297600,36,24,-12,60,39,0.5051661169114932,-1.2410796893027134
R304,1569312000,235,221,-14,456,39,0.49454966611825685,-0.4965124565904265
R304,1569326400,783,993,210,1776,39,1.6835921549607205,1.9853783191171968
R304,1569340800,633,411,-222,1044,39,-0.6095612163783165,0.609057070770242
R304,1569355200,941,515,-426,1456,39,-1.6924391972884172,1.3837078280365607
R304,1569369600,246,207,-39,453,39,0.3618440312028033,-0.5021531174443075
R304,1569384000,34,35,1,69,39,0.5741730470675289,-1.2241577067410705
R304,1569398400,260,231,-29,491,39,0.4149262851689847,-0.43070474662848196
R304,1569412800,788,991,203,1779,39,1.6464345771843936,1.9910189799710776
R304,1569427200,652,444,-208,1096,39,-0.5352460608256625,0.7068285255708453
R304,1569441600,962,458,-504,1420,39,-2.106480778224632,1.316019897789989
R304,1569456000,269,223,-46,492,39,0.32468645342647634,-0.42882452634385493
R304,1569470400,32,14,-18,46,39,0.4733167645317843,-1.2674027732874913
R304,1569484800,227,220,-7,447,39,0.5317072438945838,-0.5134344391520693
R304,1569499200,765,973,208,1738,39,1.6729757041674842,1.913929948301371
R304,1569513600,678,414,-264,1092,39,-0.8325066830362784,0.6993076444323373
R304,1569528000,930,427,-503,1357,39,-2.101172552828014,1.197566019858489
R304,1569542400,251,214,-37,465,39,0.3724604819960396,-0.47959047402878363
R304,1569556800,47,32,-15,79,39,0.4892414407216387,-1.2053555038948007
R304,1569571200,218,204,-14,422,39,0.49454966611825685,-0.5604399462677441
R304,1569585600,773,798,25,1571,39,0.7015704565863644,1.5999331607686642
R304,1569600000,644,400,-244,1044,39,-0.7263421751039155,0.609057070770242
R304,1569614400,1003,398,-605,1401,39,-2.6426115432830644,1.2802957123820764
R304,1569628800,269,243,-26,512,39,0.43085096135883916,-0.39122012065131523
R304,1569643200,52,75,23,127,39,0.6909540057931282,-1.1151049302327052
R304,1569657600,66,48,-18,114,39,0.4733167645317843,-1.139547793932856
R304,1569672000,402,189,-213,591,39,-0.5617871878087533,-0.24268271816578324
R304,1569686400,501,332,-169,833,39,-0.32822527035755505,0.21233059071394764
R304,1569700800,568,217,-351,785,39,-1.2943222925420566,0.12208001705185226
R304,1569715200,186,235,49,421,39,0.8289678661051998,-0.562320166552371
R304,1569729600,53,70,17,123,39,0.6591046534134192,-1.122625811371213
R304,1569744000,45,31,-14,76,39,0.49454966611825685,-1.2109961647486815
R304,1569758400,388,175,-213,563,39,-0.5617871878087533,-0.29532888613533886
R304,1569772800,482,255,-227,737,39,-0.6361023433614073,0.031829443389756885
R304,1569787200,391,216,-175,607,39,-0.36007462273726387,-0.21259919361175145
R304,1569801600,145,148,3,293,39,0.5847894978607653,-0.8029883629846254
R304,1569816000,25,28,3,53,39,0.5847894978607653,-1.2542412312951023
R304,1569830400,185,161,-24,346,39,0.4414674121520754,-0.7033366878993951
R304,1569844800,663,752,89,1415,39,1.0412968819699255,1.306618796366854
R304,1569859200,548,287,-261,835,39,-0.8165820068464239,0.21609103128320162
R304,1569873600,788,397,-391,1185,39,-1.5066513084067823,0.8741681309026471
R304,1569888000,184,168,-16,352,40,0.4152939213872714,-0.7133525905957574
R304,1569902400,33,29,-4,62,40,0.4787398554215802,-1.2327281990276018
R304,1569916800,206,189,-17,395,40,0.4100067602177457,-0.6363417245179321
R304,1569931200,701,830,129,1531,40,1.1819322909685028,1.3981779002357753
R304,1569945600,545,323,-222,868,40,-0.6738612795350299,0.21077780233814497
R304,1569960000,846,457,-389,1303,40,-1.5568171948458276,0.9898412149859115
R304,1569974400,220,217,-3,437,40,0.484027016591106,-0.5611218088140099
R304,1569988800,42,15,-27,57,40,0.35713514852248834,-1.2416829508971163
R304,1570003200,254,266,12,520,40,0.563334434133992,-0.4124729277800682
R304,1570017600,757,964,207,1721,40,1.5943308621915102,1.7384584712773286
R304,1570032000,596,455,-141,1051,40,-0.24560122480344543,0.5385217207623778
R304,1570046400,944,537,-407,1481,40,-1.651986095897291,1.3086303815406297
R304,1570060800,225,144,-81,369,40,0.07162844536809866,-0.6829064342394079
R304,1570075200,37,25,-12,62,40,0.43644256606537435,-1.2327281990276018
R304,1570089600,245,186,-59,431,40,0.18794599109766483,-0.5718675110574274
R304,1570104000,818,1065,247,1883,40,1.8058173089725396,2.0285924318496003
R304,1570118400,634,415,-219,1049,40,-0.6579997960264528,0.534939820014572
R304,1570132800,970,490,-480,1460,40,-2.0379488612726697,1.2710204236886686
R304,1570147200,250,260,10,510,40,0.5527601117949406,-0.43038243151909733
R304,1570161600,40,42,2,82,40,0.5104628224387346,-1.1969091915495436
R304,1570176000,223,240,17,463,40,0.5897702399816207,-0.5145570990925342
R304,1570190400,777,965,188,1742,40,1.493874799970521,1.7760684291292896
R304,1570204800,723,405,-318,1128,40,-1.1814287518095006,0.676424899552902
R304,1570219200,954,427,-527,1381,40,-2.286445436240379,1.1295353441503386
R304,1570233600,241,234,-7,475,40,0.462878371913003,-0.49306569460569927
R304,1570248000,47,64,17,111,40,0.5897702399816207,-1.144971630706359
R304,1570262400,81,36,-45,117,40,0.2619662474710251,-1.1342259284629415
R304,1570276800,485,261,-224,746,40,-0.6844356018740815,-0.0077181432780102435
R304,1570291200,541,268,-273,809,40,-0.9435064991808425,0.10511173027787318
R304,1570305600,623,355,-268,978,40,-0.9170706933332138,0.4077823434674652
R304,1570320000,230,244,14,474,40,0.5739087564730434,-0.4948566449796022
R304,1570334400,48,85,37,133,40,0.6955134633721353,-1.105570722480495
R304,1570348800,40,27,-13,67,40,0.43115540489584864,-1.2237734471580872
R304,1570363200,418,228,-190,646,40,-0.5046721221102064,-0.18681318066830138
R304,1570377600,469,225,-244,694,40,-0.7901788252645962,-0.10084756272096164
R304,1570392000,438,246,-192,684,40,-0.5152464444492579,-0.11875706645999076
R304,1570406400,108,200,92,308,40,0.9863073276960507,-0.7921544070474855
R304,1570420800,20,20,0,40,40,0.49988850009968316,-1.2721291072534657
R304,1570435200,259,217,-42,476,40,0.2778277309796023,-0.49127474423179635
R304,1570449600,827,1020,193,1847,40,1.52031060581815,1.9641182183890953
R304,1570464000,669,433,-236,1102,40,-0.7478815359083902,0.6298601898314262
R304,1570478400,974,494,-480,1468,40,-2.0379488612726697,1.2853480266798918
R304,1570492800,207,210,3,417,41,0.5436610956915675,-0.2431583010888621
R304,1570507200,39,14,-25,53,41,0.371272703771572,-0.9205587123770079
R304,1570521600,232,245,13,477,41,0.6052283785201373,-0.13149889263477213
R304,1570536000,810,964,154,1774,41,1.473327066402972,2.282205320114473
R304,1570550400,674,401,-273,1075,41,-1.1555959103769597,0.9813732116243247
R304,1570564800,912,443,-469,1355,41,-2.362314653816928,1.5024504510767445
R304,1570579200,244,192,-52,436,41,0.20504104013443347,-0.2077994884117336
R304,1570593600,40,14,-26,54,41,0.365115975488715,-0.9186977222361065
R304,1570608000,223,212,-11,435,41,0.4574668997315698,-0.20966047855263512
R304,1570622400,728,743,15,1471,41,0.6175418350858514,1.7183253074213185
R304,1570636800,549,289,-260,838,41,-1.0755584426998188,0.5403185482306693
R304,1570643447,419,135,-284,554,41,-1.2233199214883865,0.011797348214643344
R304,1570643527,5,0,-5,5,41,0.49440726942871166,-1.0098862391402799
R304,1570643608,5,0,-5,5,41,0.49440726942871166,-1.0098862391402799
R304,1570643689,3,0,-3,3,41,0.5067207259944256,-1.013608219422083
R304,1570643769,5,5,0,10,41,0.5251909108429966,-1.0005812884357725
R304,1570643851,5,1,-4,6,41,0.5005639977115687,-1.0080252489993784
R304,1570643929,3,4,1,7,41,0.5313476391258536,-1.006164258858477
R304,1570644009,2,1,-1,3,41,0.5190341825601396,-1.013608219422083
R304,1570644089,11,0,-11,11,41,0.4574668997315698,-0.998720298294871
R304,1570644170,7,4,-3,11,41,0.5067207259944256,-0.998720298294871
R304,1570644250,7,2,-5,9,41,0.49440726942871166,-1.002442278576674
R304,1570644330,5,5,0,10,41,0.5251909108429966,-1.0005812884357725
R304,1570644411,12,1,-11,13,41,0.4574668997315698,-0.9949983180130679
R304,1570644492,11,1,-10,12,41,0.46362362801442675,-0.9968593081539694
R304,1570651200,469,437,-32,906,41,0.3281756057915731,0.6668658778119712
R304,1570665600,208,197,-11,405,41,0.4574668997315698,-0.2654901827796801
R304,1570680000,39,15,-24,54,41,0.37742943205442897,-0.9186977222361065
R304,1570694400,255,243,-12,498,41,0.45131017144871277,-0.09241809967584064
R304,1570708800,838,1091,253,1929,41,2.0828431664058136,2.5706587919542057
R304,1570723200,676,428,-248,1104,41,-1.001677703305535,1.0353419257104681
R304,1570737600,1052,498,-554,1550,41,-2.885636557859772,1.865343528552537
R304,1570752000,290,267,-23,557,41,0.383586160337286,0.017380318637347843
R304,1570766400,52,37,-15,89,41,0.43283998660014184,-0.853563067304554
R304,1570780800,231,223,-8,454,41,0.4759370845801407,-0.1743016658755066
R304,1570795200,812,835,23,1647,41,0.6667956613487072,2.0458595722199826
R304,1570809600,714,409,-305,1123,41,-1.3526112154283831,1.0707007383875966
R304,1570824000,1041,415,-626,1456,41,-3.3289209942254745,1.6904104553077959
R304,1570838400,293,322,29,615,41,0.703736031045849,0.1253177468096348
R304,1570852800,62,90,28,152,41,0.6975793027629921,-0.7363206884277594
R304,1570867200,72,45,-27,117,41,0.35895924720585803,-0.801455343359312
R304,1570881600,443,229,-214,672,41,-0.7923489416883976,0.23139418484102028
R304,1570896000,516,293,-223,809,41,-0.8477594962341105,0.48634983414452576
R304,1570910400,578,295,-283,873,41,-1.2171631932055296,0.6054532031622217
R304,1570924800,217,185,-32,402,41,0.3281756057915731,-0.2710731532023846
R304,1570939200,56,80,24,136,41,0.6729523896315641,-0.7660965306821835
R304,1570953600,34,25,-9,59,41,0.4697803562972837,-0.9093927715315989
R304,1570968000,430,199,-231,629,41,-0.8970133224969664,0.1513716087822558
R304,1570982400,518,227,-291,745,41,-1.2664170194683855,0.3672464651268298
R304,1570996800,413,275,-138,688,41,-0.32443759219126705,0.2611700270954443
R304,1571011200,162,235,73,397,41,0.9746320754915564,-0.2803781039068921
R304,1571025600,16,39,23,55,41,0.6667956613487072,-0.916836732095205
R304,1571040000,156,121,-35,277,41,0.3097054209430022,-0.503696920815072
R304,1571054400,703,577,-126,1280,41,-0.25055685279698325,1.362876190509132
R304,1571068800,537,371,-166,908,41,-0.4968259841112626,0.6705878580937742
R304,1571083200,682,357,-325,1039,41,-1.4757457810855228,0.9143775665518706
R304,1571097600,151,224,73,375,42,0.9854814468204334,-0.6622653420592475
R304,1571112000,33,22,-11,55,42,0.5894478958029497,-1.1935639869154693
R304,1571126400,250,227,-23,477,42,0.5328716742290235,-0.49291389901132676
R304,1571140800,865,1013,148,1878,42,1.3390828316574723,1.8331779804998198
R304,1571155200,660,435,-225,1095,42,-0.41949472226540147,0.5331566088672518
R304,1571169600,972,479,-493,1451,42,-1.6830303374164206,1.1242263512697988
R304,1571184000,275,203,-72,478,42,0.301852102802158,-0.49125359074615105
R304,1571198400,49,29,-20,78,42,0.547015729622505,-1.1553768968164284
R304,1571212800,242,179,-63,421,42,0.34428426898260267,-0.5858911618611656
R304,1571227200,873,1092,219,1965,42,1.6738254759698692,1.9776247995701053
R304,1571241600,672,413,-259,1085,42,-0.5797940167248592,0.5165535262154949
R304,1571256000,984,458,-526,1442,42,-1.838614946744718,1.1092835768832174
R304,1571270400,196,174,-22,370,42,0.537586359360184,-0.6705668833851259
R304,1571284800,43,20,-23,63,42,0.5328716742290235,-1.1802815207940638
R304,1571299200,249,215,-34,464,42,0.48101013778625773,-0.5144979064586107
R304,1571313600,868,987,119,1855,42,1.2023569628538173,1.794990890400779
R304,1571328000,742,431,-311,1173,42,-0.8249576435452062,0.6626606535509559
R304,1571342400,1086,533,-553,1619,42,-1.965911445286052,1.4031581398193151
R304,1571356800,284,227,-57,511,42,0.3725723797695658,-0.43646341799535315
R304,1571371200,49,27,-22,76,42,0.537586359360184,-1.1586975133467798
R304,1571385600,267,214,-53,481,42,0.39143112029420785,-0.48627266595062396
R304,1571400000,878,936,58,1814,42,0.9147611698530256,1.7269182515285755
R304,1571414400,768,414,-354,1182,42,-1.0276891041851086,0.6776034279375371
R304,1571428800,1082,417,-665,1499,42,-2.49395617997603,1.203921147998232
R304,1571443200,224,210,-14,434,42,0.5753038404094681,-0.5643071544138816
R304,1571457600,62,45,-17,107,42,0.5611597850159866,-1.1072279571263333
R304,1571472000,63,51,-12,114,42,0.5847332106717892,-1.0956057992701034
R304,1571486400,469,202,-267,671,42,-0.6175114977741433,-0.17081409556724222
R304,1571500800,593,216,-377,809,42,-1.1361268622018004,0.058308445027003476
R304,1571515200,632,231,-401,863,42,-1.249279305349653,0.1479650913464909
R304,1571529600,237,205,-32,442,42,0.4904395080485788,-0.551024688292476
R304,1571544000,52,82,30,134,42,0.782749986180531,-1.0623996339665895
R304,1571558400,52,25,-27,77,42,0.5140129337043814,-1.157037205081604
R304,1571572800,390,190,-200,580,42,-0.3016275939863885,-0.32190214769823033
R304,1571587200,497,227,-270,724,42,-0.6316555531676249,-0.08281775751293047
R304,1571601600,330,188,-142,518,42,-0.02817585637907837,-0.4248412601391233
R304,1571616000,111,112,1,223,42,0.6460241173768759,-0.9146321983659529
R304,1571630400,10,17,7,27,42,0.6743122281638391,-1.2400526183403888
R304,1571644800,248,218,-30,466,42,0.4998688783108998,-0.5111772899282594
R304,1571659200,853,959,106,1812,42,1.1410660561487305,1.7235976349982243
R304,1571673600,710,362,-348,1072,42,-0.9994009933981454,0.4949695187682108
R304,1571688000,1037,486,-551,1523,42,-1.9564820750237308,1.2437685463624486
R304,1571702400,230,232,2,462,43,0.5197832244857218,-0.6747896145288437
R304,1571716800,32,28,-4,60,43,0.4920144365759482,-1.3564833769715527
R304,1571731200,251,234,-17,485,43,0.4318487294381055,-0.6357872350856041
R304,1571745600,831,913,82,1744,43,0.8900337299493691,1.4991691005247707
R304,1571760000,629,368,-261,997,43,-0.6974153122260194,0.23243964643346812
R304,1571774400,962,544,-418,1506,43,-1.4240319291984276,1.0955792610686395
R304,1571788800,246,202,-44,448,43,0.30688918384412445,-0.6985301933203808
R304,1571803200,40,14,-26,54,43,0.39019554757344516,-1.3666579107393544
R304,1571817600,262,250,-12,512,43,0.45498938602958344,-0.5900018331304968
R304,1571832000,791,1012,221,1803,43,1.5333439831924567,1.59921868257482
R304,1571846400,711,411,-300,1122,43,-0.8779124336395475,0.44440909992933536
R304,1571860800,1014,460,-554,1474,43,-2.0534577884866283,1.0413150809736975
R304,1571875200,259,180,-79,439,43,0.1449045877037787,-0.7137919939720833
R304,1571889600,40,35,-5,75,43,0.4873863052576526,-1.3310470425520486
R304,1571904000,233,232,-1,465,43,0.505898830530835,-0.6697023476449429
R304,1571918400,865,990,125,1855,43,1.0890433766360796,1.6873979752291008
R304,1571932800,716,452,-264,1168,43,-0.7112997061809061,0.5224138588158145
R304,1571947200,1091,558,-533,1649,43,-1.9562670308024208,1.3380723158679118
R304,1571961600,261,256,-5,517,43,0.4873863052576526,-0.5815230549906621
R304,1571976000,43,58,15,101,43,0.5799489316235644,-1.2869573962249083
R304,1571990400,243,203,-40,446,43,0.3254017091173068,-0.7019217045763148
R304,1572004800,882,950,68,1832,43,0.8252398914932308,1.6483955957858614
R304,1572019200,745,417,-328,1162,43,-1.0075001105518242,0.5122393250480128
R304,1572033600,1069,435,-634,1504,43,-2.423708293950275,1.0921877498127057
R304,1572048000,278,228,-50,506,43,0.2791203959343509,-0.6001763668982985
R304,1572062400,98,144,46,242,43,0.7234210024907278,-1.04785585268157
R304,1572076800,122,137,15,259,43,0.5799489316235644,-1.0190280070061322
R304,1572091200,642,441,-201,1083,43,-0.4197274331282837,0.3782746304386248
R304,1572105600,782,457,-325,1239,43,-0.9936157165969374,0.6428125084014671
R304,1572120000,858,539,-319,1397,43,-0.9658469286871637,0.9107418976202433
R304,1572134400,355,544,189,899,43,1.3852437810069977,0.06625559489270819
R304,1572148800,102,168,66,270,43,0.8159836288566397,-1.0003746950984957
R304,1572163200,88,61,-27,149,43,0.38556741625514956,-1.2055611260824952
R304,1572177600,524,254,-270,778,43,-0.7390684940906797,-0.1389308360912913
R304,1572192000,467,413,-54,880,43,0.26060787066116853,0.03403623796133637
R304,1572206400,549,378,-171,927,43,-0.2808834935794159,0.11373675247578245
R304,1572220800,175,292,117,467,43,1.052018326089715,-0.666310836389009
R304,1572235200,33,36,3,69,43,0.5244113558040173,-1.3412215763198503
R304,1572249600,255,93,-162,348,43,-0.23923031171475553,-0.8681057561170746
R304,1572264000,874,1197,323,2071,43,2.005413377658607,2.0536811908699595
R304,1572278400,745,440,-305,1185,43,-0.9010530902310254,0.5512417044912524
R304,1572292800,982,486,-496,1468,43,-1.7850261720254839,1.0311405472058959
R304,1572307200,215,273,58,488,44,0.7824233144555355,-0.5192490407732594
R304,1572321600,40,15,-25,55,44,0.3835561798616481,-1.2268460465668127
R304,1572336000,243,246,3,489,44,0.5181137674354896,-0.5176148675497177
R304,1572350400,901,1073,172,1974,44,1.330264921006176,1.9091323694096973
R304,1572364800,692,446,-246,1138,44,-0.6784876363461729,0.5429635545288414
R304,1572379200,987,536,-451,1523,44,-1.6636414025117987,1.1721202455923934
R304,1572393600,216,221,5,437,44,0.527725023690764,-0.6025918751738858
R304,1572408000,33,30,-3,63,44,0.4892799986696664,-1.2137726607784791
R304,1572422400,263,218,-45,481,44,0.2874436173089041,-0.5306882533380513
R304,1572436800,895,1044,149,1939,44,1.2197354740705206,1.8519363065857382
R304,1572451200,652,431,-221,1083,44,-0.558346933155243,0.4530840272340482
R304,1572465600,1034,522,-512,1556,44,-1.9567847182976679,1.2260479619692692
R304,1572480000,244,228,-16,472,44,0.42680683301038286,-0.5453958123499265
R304,1572494400,38,32,-6,70,44,0.4748631142867548,-1.2023334482136874
R304,1572508800,227,196,-31,423,44,0.35472241109582486,-0.6254703003034695
R304,1572523200,832,991,159,1823,44,1.2677917553468927,1.6623722126549014
R304,1572537600,586,417,-169,1003,44,-0.3084542705181086,0.32235016935071276
R304,1572552000,1075,415,-660,1490,44,-2.668017681187973,1.1181925292155175
R304,1572566400,300,324,24,624,44,0.6190319581158708,-0.29700148237158913
R304,1572580800,51,63,12,114,44,0.5613644205842244,-1.130429826377853
R304,1572595200,249,231,-18,480,44,0.41719557675510843,-0.532322426561593
R304,1572609600,894,881,-13,1775,44,0.44122371739329447,1.5839318979249002
R304,1572624000,713,416,-297,1129,44,-0.9235746708556701,0.5282559955169661
R304,1572638400,1107,444,-663,1551,44,-2.6824345655708846,1.2178770958515608
R304,1572652800,256,315,59,571,44,0.7872289425831727,-0.3836126632192989
R304,1572667200,49,103,54,152,44,0.7632008019449867,-1.0683312438832684
R304,1572681600,71,49,-22,120,44,0.39797306424455964,-1.1206247870366026
R304,1572696000,541,340,-201,881,44,-0.46223437060249895,0.12298103607862615
R304,1572710400,648,353,-295,1001,44,-0.9139634146003958,0.31908182290362935
R304,1572724800,718,344,-374,1062,44,-1.2936080366837344,0.4187663895396727
R304,1572739200,185,207,22,392,44,0.6094207018605964,-0.676129670233262
R304,1572750000,44,69,25,113,44,0.6238375862435079,-1.1320639996013946
R304,1572764400,38,18,-20,56,44,0.40758432049983406,-1.225211873343271
R304,1572778800,312,189,-123,501,44,-0.08739537664679743,-0.49800478886721744
R304,1572793200,471,329,-142,800,44,-0.1787023110719042,-0.009386995028251032
R304,1572807600,429,461,32,890,44,0.6574769831369683,0.13768859509050138
R304,1572822000,183,186,3,369,44,0.5181137674354896,-0.713715654374721
R304,1572836400,39,46,7,85,44,0.5373362799460384,-1.177820849860562
R304,1572850800,96,74,-22,170,44,0.39797306424455964,-1.038916125859518
R304,1572865200,1038,1110,72,2148,44,0.8497021082424563,2.193478510305952
R304,1572879600,567,424,-143,991,44,-0.18350793919954142,0.30274009066821245
R304,1572894000,1105,522,-583,1627,44,-2.297984315359909,1.3420742608407297
R304,1572908400,300,238,-62,538,44,0.2057479391390717,-0.43754037959617476
R304,1572922800,57,101,44,158,45,0.8709416525108197,-1.1403221495284572
R304,1572937200,90,76,-14,166,45,0.5684589228962835,-1.1267613000118732
R304,1572951600,976,852,-124,1828,45,-0.005215219476112693,1.690505187058433
R304,1572966000,615,411,-204,1026,45,-0.4224327775651281,0.33103002302089646
R304,1572980400,1007,509,-498,1516,45,-1.9557073035422596,1.1616320559116606
R304,1572994800,346,293,-53,639,45,0.36506536332788847,-0.3249760723438499
R304,1573009200,75,64,-11,139,45,0.5841045813246216,-1.172529167130344
R304,1573023600,94,79,-15,173,45,0.5632437034201708,-1.1148955566848624
R304,1573038000,996,1112,116,2108,45,1.2464374547909336,2.165134920138869
R304,1573052400,592,453,-139,1045,45,-0.08344351161780308,0.3632370406227832
R304,1573066800,1078,534,-544,1612,45,-2.1956073994434435,1.3243622501106675
R304,1573081200,344,291,-53,635,45,0.36506536332788847,-0.3317564971021419
R304,1573095600,88,61,-27,149,45,0.5006610697068185,-1.1555781052346141
R304,1573110000,77,66,-11,143,45,0.5841045813246216,-1.165748742372052
R304,1573124400,886,1057,171,1943,45,1.5332745259771317,1.8854423988593263
R304,1573138800,578,405,-173,983,45,-0.2607609738056346,0.25814045686925796
R304,1573153200,1039,516,-523,1555,45,-2.086087790445077,1.2277411973050072
R304,1573167600,385,316,-69,701,45,0.2816218517100854,-0.21987948859032466
R304,1573182000,69,69,0,138,45,0.6414719955618612,-1.1742242733199169
R304,1573196400,84,72,-12,156,45,0.5788893618485089,-1.143712361907603
R304,1573210800,839,840,1,1679,45,0.6466872150379739,1.4379343648120577
R304,1573225200,690,377,-313,1067,45,-0.9908917004614116,0.40052937679338896
R304,1573239600,1095,467,-628,1562,45,-2.6336858354369097,1.239606940632018
R304,1573254000,340,268,-72,608,45,0.2659761932817473,-0.37752436422061253
R304,1573268400,116,181,65,297,45,0.9804612615091862,-0.9047023891778119
R304,1573282800,53,59,6,112,45,0.6727633124185374,-1.2182970342488146
R304,1573297200,532,330,-202,862,45,-0.4120023386129027,0.05303260793092642
R304,1573311600,848,439,-409,1287,45,-1.49155277016823,0.7734527384994463
R304,1573326000,797,606,-191,1403,45,-0.3546349243756631,0.970085056489913
R304,1573340400,422,452,30,874,45,0.797928579845242,0.07337388220580228
R304,1573354800,130,206,76,336,45,1.037828675746426,-0.8385932477844653
R304,1573369200,50,27,-23,77,45,0.5215219476112692,-1.277625750883869
R304,1573383600,446,234,-212,680,45,-0.4641545333740296,-0.2554767185713574
R304,1573398000,762,448,-314,1210,45,-0.9961069199375243,0.6429295619023263
R304,1573412400,639,443,-196,1082,45,-0.38071102175622656,0.4259559696369838
R304,1573426800,224,315,91,539,45,1.1160569678881163,-0.4944866913011487
R304,1573441200,39,122,83,161,45,1.0743352120792147,-1.1352368309597383
R304,1573455600,78,58,-20,136,45,0.5371676060396073,-1.177614485699063
R304,1573470000,773,619,-154,1392,45,-0.16167180375949347,0.9514388884046101
R304,1573484400,518,351,-167,869,45,-0.22946965694895846,0.06489835125793735
R304,1573498800,832,390,-442,1222,45,-1.663655012879949,0.6632708361772021
R304,1573513200,329,293,-36,622,45,0.4537240944218043,-0.3537928775665907
R304,1573527600,40,118,78,158,46,0.9094285642097353,-1.0305369939295836
R304,1573542000,100,68,-32,168,46,0.4369184465029228,-1.0143019775210906
R304,1573556400,864,1051,187,1915,46,1.3776431353919405,1.8219553890426479
R304,1573570800,582,416,-166,998,46,-0.13868478779446702,0.3332043843838338
R304,1573585200,1556,525,-1031,2081,46,-3.854332531579856,2.0914566614236327
R304,1573599600,542,346,-196,888,46,-0.2675511835326886,0.15461920389041006
R304,1573614000,148,88,-60,236,46,0.31664314381391595,-0.9039038659433378
R304,1573628400,313,68,-245,381,46,-0.47803296323845057,-0.6684961280201884
R304,1573642800,845,1092,247,1937,46,1.6353759268683836,1.8576724251413328
R304,1573657200,580,411,-169,991,46,-0.15157142736828919,0.3218398728978886
R304,1573671600,1035,556,-479,1591,46,-1.483190849996579,1.2959408574074727
R304,1573686000,399,353,-46,752,46,0.3767807951584194,-0.06617701926509563
R304,1573700400,85,91,6,176,46,0.6001492144380035,-1.0013139643942963
R304,1573714800,98,84,-14,182,46,0.5142382839458557,-0.9915729545492004
R304,1573729200,851,1025,174,1876,46,1.3218010305720445,1.758638825049525
R304,1573743600,577,428,-149,1005,46,-0.06566049687614145,0.34456889586977896
R304,1573758000,1071,540,-531,1611,46,-1.706559269276163,1.3284108902244587
R304,1573772400,467,314,-153,781,46,-0.082842682974571,-0.019095471680465742
R304,1573786800,158,189,31,347,46,0.7075378775531881,-0.7236951838090648
R304,1573801200,70,76,6,146,46,0.6001492144380035,-1.0500190136197753
R304,1573815600,864,957,93,1821,46,0.9738617620788461,1.6693462348028132
R304,1573830000,636,406,-230,1042,46,-0.41359976536933973,0.4046384565812033
R304,1573844400,1073,479,-594,1552,46,-1.9771787003264285,1.2326242934143496
R304,1573858800,402,251,-151,653,46,-0.07425158992535622,-0.226903681709177
R304,1573873200,102,103,1,205,46,0.5786714818149665,-0.9542324168096663
R304,1573887600,39,26,-13,65,46,0.5185338304704631,-1.1815226465285693
R304,1573902000,324,167,-157,491,46,-0.10002486907300054,-0.4899109475267647
R304,1573916400,537,227,-310,764,46,-0.7572434873379307,-0.04669499957490395
R304,1573930800,549,258,-291,807,46,-0.6756281033703904,0.02311557098161623
R304,1573945200,253,197,-56,450,46,0.3338253299123455,-0.5564745148015863
R304,1573959600,73,149,76,222,46,0.9008374711605205,-0.9266328889152281
R304,1573974000,23,28,5,51,46,0.5958536679133961,-1.2042516695004595
R304,1573988400,271,105,-166,376,46,-0.13868478779446702,-0.6766136362244349
R304,1574002800,502,286,-216,788,46,-0.35346211402483635,-0.007730960194520595
R304,1574017200,409,246,-163,655,46,-0.12579814822064486,-0.22365667842747838
R304,1574031600,162,135,-27,297,46,0.4583961791259597,-0.8048702658515301
R304,1574046000,39,50,11,89,46,0.6216269470610404,-1.142558607148186
R304,1574060400,93,43,-50,136,46,0.3595986090599898,-1.0662540300282686
R304,1574074800,874,915,41,1789,46,0.7504933427992619,1.6173941822956353
R304,1574089200,584,367,-217,951,46,-0.35775766054944375,0.25689980726391637
R304,1574103600,947,405,-542,1352,46,-1.7538102810468443,0.9079239652444884
R304,1574118000,319,201,-118,520,46,0.06750144538668754,-0.44282939994213477
R304,1574132400,67,55,-12,122,47,0.4315445680809404,-1.0336081900494523
R304,1574146800,83,57,-26,140,47,0.37724892797925347,-1.0032755352947773
R304,1574161200,890,888,-2,1778,47,0.47032716815357395,1.756996047380638
R304,1574175600,594,370,-224,964,47,-0.39064655345889054,0.38528599347478465
R304,1574190000,1089,365,-724,1454,47,-2.3297765570905673,1.2110082617964901
R304,1574204400,311,266,-45,577,47,0.3035619878412497,-0.2668660837507256
R304,1574218800,73,62,-11,135,47,0.43542282808820376,-1.0117012727266315
R304,1574233200,106,51,-55,157,47,0.2647793877686162,-0.9746280280264732
R304,1574247600,883,416,-467,1299,47,-1.3330637352238854,0.949810401409012
R304,1574262000,581,340,-241,921,47,-0.45657697358236754,0.31282465156083905
R304,1574276400,1052,335,-717,1387,47,-2.302628737039724,1.0981033802096447
R304,1574290800,357,1241,884,1598,47,3.906465534588905,1.4536694998338895
R304,1574305200,77,46,-31,123,47,0.3578576279429367,-1.0319230425630814
R304,1574319600,104,70,-34,174,47,0.3462228479211466,-0.9459805207581692
R304,1574324261,107,289,182,396,47,1.183927009490031,-0.5718777787838454
R304,1574324353,5,26,21,31,47,0.559527148320631,-1.1869566113091976
R304,1574334000,920,748,-172,1668,47,-0.18897703308119615,1.5716298238798474
R304,1574348400,591,404,-187,995,47,-0.24715093319014644,0.43752556555228034
R304,1574362800,1099,522,-577,1621,47,-1.7596723360228543,1.4924278920204184
R304,1574377200,407,250,-157,657,47,-0.13080313297224586,-0.1320542848410594
R304,1574391600,72,62,-10,134,47,0.4393010880954671,-1.0133864202130023
R304,1574406000,86,62,-24,148,47,0.38500544799378017,-0.9897943554038107
R304,1574420400,841,845,4,1686,47,0.49359672819715406,1.6019624786345221
R304,1574434800,672,327,-345,999,47,-0.8599160143377563,0.44426615549776366
R304,1574449200,1065,822,-243,1887,47,-0.46433349359689424,1.9406771233950584
R304,1574463600,384,286,-98,670,47,0.098014207456292,-0.11014736751823866
R304,1574478000,89,80,-9,169,47,0.44317934810273046,-0.9544062581900233
R304,1574492400,34,28,-6,62,47,0.4548141281245205,-1.1347170392317019
R304,1574506800,398,194,-204,592,47,-0.31308135331362347,-0.24158887145516322
R304,1574521200,585,242,-343,827,47,-0.8521594943232297,0.15442078784198127
R304,1574535600,542,289,-253,831,47,-0.5031160936695278,0.1611613777874646
R304,1574550000,247,261,14,508,47,0.5323793282697875,-0.38314126031031276
R304,1574564400,89,138,49,227,47,0.6681184285240049,-0.8566677039805153
R304,1574578800,36,20,-16,56,47,0.416031528051887,-1.1448279241499268
R304,1574593200,286,111,-175,397,47,-0.2006118131029862,-0.5701926312974746
R304,1574607600,448,221,-227,669,47,-0.40228133348068057,-0.11183251500460949
R304,1574622000,422,250,-172,672,47,-0.18897703308119615,-0.10677707254549701
R304,1574636400,137,227,90,364,47,0.8271270888218024,-0.625802498347712
R304,1574650800,35,44,9,79,47,0.5129880282334708,-1.1060695319633977
R304,1574665200,92,64,-28,156,47,0.3694924079647267,-0.976313175512844
R304,1574679600,913,1026,113,1939,47,0.9163270689888595,2.0283047926863413
R304,1574694000,630,375,-255,1005,47,-0.5108726136840546,0.4543770404159886
R304,1574708400,1073,472,-601,1545,47,-1.8527505761971748,1.3643566830562355
R304,1574722800,318,219,-99,537,47,0.09413594744902865,-0.33427198320555873
R304,1574737200,76,83,7,159,48,0.6215676182958317,-0.8846228541886478
R304,1574751600,112,64,-48,176,48,0.3024962409039714,-0.8497151103016857
R304,1574766000,921,1061,140,1982,48,1.3931402218070574,2.8587193285132426
R304,1574780400,680,375,-305,1055,48,-1.1884372861816304,0.9552205883241847
R304,1574794800,1066,469,-597,1535,48,-2.8824162352438703,1.9408510039560594
R304,1574809200,372,295,-77,667,48,0.1342586055518996,0.15850266902175275
R304,1574823600,84,63,-21,147,48,0.459131280714521,-0.9092636145794447
R304,1574838000,90,71,-19,161,48,0.4707338762560432,-0.8805160607901817
R304,1574852400,750,786,36,1536,48,0.7898052536479034,1.9429044006552925
R304,1574866800,697,361,-336,1058,48,-1.3682775170752242,0.961380778421884
R304,1574881200,875,344,-531,1219,48,-2.4995305823736382,1.2919776469984086
R304,1574895600,263,346,83,609,48,1.062466248873675,0.03940566046623458
R304,1574910000,61,98,37,159,48,0.7956065514186645,-0.8846228541886478
R304,1574924400,121,20,-101,141,48,-0.004972540946366677,-0.9215839947748431
R304,1574938800,532,131,-401,663,48,-1.7453618721746957,0.15028908222482046
R304,1574953200,361,322,-39,683,48,0.35470792084082126,0.19135701620948192
R304,1574967600,333,257,-76,590,48,0.14005990332266072,0.0003911231808062105
R304,1574982000,148,229,81,377,48,1.0508636533321527,-0.43698237375583815
R304,1574996400,41,70,29,111,48,0.7491961692525758,-0.9831858957518353
R304,1575010800,36,26,-10,62,48,0.5229455561928931,-1.0838023340142557
R304,1575025200,371,340,-31,711,48,0.40111830300691004,0.24885212378800792
R304,1575039600,517,264,-253,781,48,-0.8867698021020533,0.392589892734323
R304,1575054000,553,298,-255,851,48,-0.8983723976435755,0.5363276616806381
R304,1575068400,229,269,40,498,48,0.8130104447309479,-0.18852137314863643
R304,1575082800,49,91,42,140,48,0.8246130402724701,-0.9236373914740762
R304,1575097200,22,24,2,46,48,0.5925611294420262,-1.116656681201985
R304,1575111600,287,167,-120,454,48,-0.1151971985908275,-0.2788708279148916
R304,1575126000,485,186,-299,671,48,-1.1536294995570637,0.16671625581868504
R304,1575140400,500,202,-298,702,48,-1.1478282017863026,0.23037155349491029
R304,1575154800,232,215,-17,447,48,0.4823364717975654,-0.2932446048095231
R304,1575169200,55,95,40,150,48,0.8130104447309479,-0.9031034244817455
R304,1575183600,16,17,1,33,48,0.5867598316712651,-1.143350838292015
R304,1575198000,282,98,-184,380,48,-0.48648025591953764,-0.4308221836581389
R304,1575212400,362,188,-174,550,48,-0.4284672782119267,-0.08174474478851668
R304,1575226800,269,232,-37,501,48,0.36631051638234347,-0.1823611830509372
R304,1575241200,97,143,46,240,48,0.8478182313555144,-0.718297721550769
R304,1575255600,28,39,11,67,48,0.644772809378876,-1.0735353505180905
R304,1575270000,75,59,-16,134,48,0.4881377695683265,-0.9359577716694747
R304,1575284400,834,919,85,1753,48,1.0740688444151971,2.388491484388869
R304,1575298800,514,352,-162,866,48,-0.3588517049627935,0.5671286121691341
R304,1575313200,822,414,-408,1236,48,-1.7859709565700232,1.3268853908853708
R304,1575327600,271,200,-71,471,48,0.1690663921764662,-0.24396308402792935
R304,1575342000,59,24,-35,83,49,0.4334920923487435,-1.1113409570329766
R304,1575356400,94,76,-18,170,49,0.5224327112961581,-0.97314194202486
R304,1575370800,905,1004,99,1909,49,1.1345534416989527,1.7892498637120902
R304,1575385200,523,411,-112,934,49,0.030643406528100853,0.24046779896595652
R304,1575399600,979,613,-366,1592,49,-1.2982340765685645,1.2856971308664242
R304,1575414000,393,262,-131,655,49,-0.06876081464842136,-0.2027221457152448
R304,1575428400,77,49,-28,126,49,0.47011470015062007,-1.0430356967416086
R304,1575442800,97,61,-36,158,49,0.4282602912341897,-0.9922038751294279
R304,1575457200,938,1068,130,2006,49,1.2967392762501206,1.9433338229740131
R304,1575471600,582,451,-131,1033,49,-0.06876081464842136,0.39772874707864087
R304,1575486000,1067,530,-537,1597,49,-2.192872067157264,1.2936396029933275
R304,1575500400,297,276,-21,573,49,0.5067373079524967,-0.33297868859645813
R304,1575514800,67,49,-18,116,49,0.5224327112961581,-1.058920640995415
R304,1575529200,86,57,-29,143,49,0.4648828990360663,-1.0160312915101375
R304,1575543600,867,1032,165,1899,49,1.4798523152595038,1.7733649194582837
R304,1575558000,626,450,-176,1076,49,-0.30419186480334237,0.46603400737000883
R304,1575572400,1110,510,-600,1620,49,-2.5224755373741536,1.3301749747770824
R304,1575586800,386,305,-81,691,49,0.19282924107926866,-0.14553634640154142
R304,1575601200,85,81,-4,166,49,0.5956779268999113,-0.9794959197263826
R304,1575615600,80,80,0,160,49,0.6166051313581264,-0.9890268862786665
R304,1575630000,896,983,87,1879,49,1.0717718283243072,1.7415950309506705
R304,1575644400,715,390,-325,1105,49,-1.0837302308718586,0.5121003457060477
R304,1575658800,1115,481,-634,1596,49,-2.700356775268983,1.292051108567947
R304,1575673200,429,310,-119,739,49,-0.00597920127377575,-0.06928861398327021
R304,1575687600,111,98,-13,209,49,0.548591716868927,-0.9111906594350146
R304,1575702000,28,22,-6,50,49,0.5852143246708037,-1.163761273070538
R304,1575716400,394,214,-180,608,49,-0.3251190692615576,-0.27738138370813537
R304,1575730800,702,282,-420,984,49,-1.5807513367544694,0.31989252023498904
R304,1575745200,684,324,-360,1008,49,-1.2668432698812417,0.35801638644412465
R304,1575759600,255,255,0,510,49,0.6166051313581264,-0.43305383739543907
R304,1575774000,86,118,32,204,49,0.7840227670238481,-0.9191331315619179
R304,1575788400,25,18,-7,43,49,0.5799825235562499,-1.1748807340482026
R304,1575802800,307,116,-191,423,49,-0.3826688815216494,-0.5712528524035556
R304,1575817200,476,245,-231,721,49,-0.5919409261038014,-0.09788151364012192
R304,1575831600,465,236,-229,701,49,-0.5814773238746938,-0.1296514021477349
R304,1575846000,171,169,-2,340,49,0.6061415291290189,-0.7030978897101495
R304,1575860400,34,55,21,89,49,0.7264729547637563,-1.1018099904806926
R304,1575874800,81,51,-30,132,49,0.4596510979215125,-1.0335047301893248
R304,1575889200,877,1057,180,1934,49,1.5583293319778107,1.8289622243466064
R304,1575903600,505,357,-148,862,49,-0.15770143359583597,0.12609620033854974
R304,1575918000,918,582,-336,1500,49,-1.1412800431319505,1.1395556437314045
R304,1575932400,318,208,-110,526,49,0.041107008757208456,-0.40763792658934866
R304,1575946800,151,53,-98,204,50,-0.08498557621022537,-1.0819829673411892
R304,1575961200,82,76,-6,158,50,0.3648558847162279,-1.1564854654844345
R304,1575975600,911,1006,95,1917,50,0.858703575515921,1.6924252787322729
R304,1575990000,604,439,-165,1043,50,-0.41258750971101193,0.27687781401061157
R304,1576004400,1001,578,-423,1579,50,-1.6740994327438918,1.144993879331905
R304,1576018800,341,227,-114,568,50,-0.163218873762652,-0.4924414602946392
R304,1576033200,26,29,3,55,50,0.40886211458946786,-1.32330627654431
R304,1576047600,82,99,17,181,50,0.47731624994784116,-1.119234216412812
R304,1576062000,908,1094,186,2002,50,1.3036554553453474,1.8300929383447915
R304,1576076400,585,385,-200,970,50,-0.5837228481069453,0.1586455886963309
R304,1576090800,1162,700,-462,1862,50,-1.8647930955279317,1.603346204865349
R304,1576105200,546,375,-171,921,50,-0.44192499629317195,0.0792842319785261
R304,1576119600,72,310,238,382,50,1.557913672390734,-0.7936906919173269
R304,1576134000,88,65,-23,153,50,0.28173300606677454,-1.1645835631087003
R304,1576148400,917,1093,176,2010,50,1.2547596443750808,1.8430498945436167
R304,1576162800,604,427,-177,1031,50,-0.47126248287533196,0.25744237971237366
R304,1576177200,1046,580,-466,1626,50,-1.8843514199160385,1.2211159970000036
R304,1576191600,414,261,-153,675,50,-0.35391253654669197,-0.3191421711353511
R304,1576206000,85,96,11,181,50,0.44797876336568115,-1.119234216412812
R304,1576220400,79,67,-12,146,50,0.33551839813406786,-1.1759208997826724
R304,1576234800,921,947,26,1868,50,0.5213224798210812,1.6130639220144682
R304,1576249200,711,393,-318,1104,50,-1.1606934175560917,0.3756746050266543
R304,1576263600,1175,495,-680,1670,50,-2.930721774679745,1.2923792560935425
R304,1576278000,415,214,-201,629,50,-0.5886124292039719,-0.3936446692785965
R304,1576292400,155,179,24,334,50,0.5115433176270279,-0.8714324291102785
R304,1576306800,98,95,-3,193,50,0.37952462800730785,-1.099798782114574
R304,1576321200,341,564,223,905,50,1.484569955935334,0.053370319580875555
R304,1576335600,701,497,-204,1198,50,-0.6032811724950519,0.5279188403628513
R304,1576350000,709,480,-229,1189,50,-0.7255206999207185,0.5133422646391729
R304,1576364400,370,357,-13,727,50,0.3306288170370412,-0.23492195584298683
R304,1576378800,91,293,202,384,50,1.3818887528977741,-0.7904514528676205
R304,1576393200,29,49,20,78,50,0.49198499323892114,-1.2860550274726874
R304,1576407600,325,465,140,790,50,1.078734724882121,-0.1328859257772378
R304,1576422000,576,571,-5,1147,50,0.3697454658132545,0.44531824459534014
R304,1576436400,562,474,-88,1036,50,-0.036089765239958715,0.26554047733663944
R304,1576450800,186,213,27,399,50,0.5262120609181078,-0.7661571599948231
R304,1576465200,41,127,86,168,50,0.814697345642681,-1.1402892702359029
R304,1576479600,89,80,-9,169,50,0.35018714142514784,-1.1386696507110499
R304,1576494000,876,958,82,1834,50,0.7951390212545745,1.5579968581694608
R304,1576508400,630,424,-206,1054,50,-0.6130603346891053,0.2946936287839963
R304,1576522800,962,474,-488,1436,50,-1.991922204050625,0.9133882872779032
R304,1576537200,339,311,-28,650,50,0.2572851005816412,-0.3596326592566801
R304,1576551600,75,64,-11,139,51,0.28440397011976115,-1.1592963298598833
R304,1576566000,78,68,-10,146,51,0.28960874865790054,-1.146628308266172
R304,1576580400,836,1047,211,1883,51,1.439864805586712,1.9968507643447901
R304,1576594800,596,388,-208,984,51,-0.7409374018937046,0.36991484823813786
R304,1576609200,973,458,-515,1431,51,-2.3388044131025065,1.1788585128651385
R304,1576623600,349,229,-120,578,51,-0.28291689053743563,-0.36483040419712437
R304,1576638000,222,204,-18,426,51,0.2479705203527852,-0.6399074445177152
R304,1576652400,93,62,-31,155,51,0.18030839935697274,-1.1303408519314
R304,1576666800,902,1053,151,1955,51,1.127578093298347,2.1271504150229648
R304,1576681200,629,468,-161,1097,51,-0.49631281060115184,0.5744129111080508
R304,1576695600,1019,504,-515,1523,51,-2.3388044131025065,1.345352510953917
R304,1576710000,345,292,-53,637,51,0.06580327151790549,-0.25805707933584243
R304,1576724400,70,75,5,145,51,0.36768042672999185,-1.1484380256367022
R304,1576738800,82,66,-16,148,51,0.25838007742906405,-1.1430088735251116
R304,1576753200,897,905,8,1802,51,0.3832947623444101,1.8502636573318436
R304,1576767600,614,397,-217,1011,51,-0.7877804087369593,0.41877721724245337
R304,1576782000,990,493,-497,1483,51,-2.245118399415997,1.272963816132709
R304,1576796400,373,292,-81,665,51,-0.07993052754999826,-0.20738499296099674
R304,1576810800,87,71,-16,158,51,0.25838007742906405,-1.1249116998198094
R304,1576825200,70,63,-7,133,51,0.3052230842723188,-1.1701546340830646
R304,1576839600,737,836,99,1573,51,0.8569296093150973,1.4358383794804273
R304,1576854000,581,441,-140,1022,51,-0.387012461300224,0.4386841083182856
R304,1576868400,934,442,-492,1376,51,-2.2190945067253,1.0793240574859773
R304,1576882800,322,244,-78,566,51,-0.06431619193558,-0.38654701264348684
R304,1576897200,109,190,81,299,51,0.7632435956285878,-0.8697415505750509
R304,1576911600,35,45,10,80,51,0.39370431942068895,-1.2660696547211654
R304,1576926000,278,454,176,732,51,1.2576975567518327,-0.08613392913547317
R304,1576940400,512,568,56,1080,51,0.6331241321751022,0.5436477158090374
R304,1576954800,696,386,-310,1082,51,-1.2718248127839253,0.5472671505500978
R304,1576969200,223,309,86,532,51,0.7892674883192848,-0.4480774032415137
R304,1576983600,72,170,98,242,51,0.8517248307769578,-0.9728954406952725
R304,1576998000,24,29,5,53,51,0.36768042672999185,-1.3149320237254807
R304,1577012400,268,346,78,614,51,0.7476292600141695,-0.29968057885803706
R304,1577026800,489,466,-23,955,51,0.2219466276620881,0.317433044492762
R304,1577041200,564,512,-52,1076,51,0.07100805005604492,0.5364088463269165
R304,1577055600,173,359,186,532,51,1.3097453421332268,-0.4480774032415137
R304,1577070000,37,106,69,143,51,0.7007862531709147,-1.1520574603777625
R304,1577084400,71,66,-5,137,51,0.31563264134859764,-1.1629157646009438
R304,1577098800,589,690,101,1279,51,0.8673391663913761,0.9037814725445477
R304,1577113200,627,429,-198,1056,51,-0.6888896165123104,0.5002144989163125
R304,1577127600,860,400,-460,1260,51,-2.0525415935048383,0.8693968425044738
R304,1577142000,249,306,57,555,51,0.6383289107132417,-0.40645390371931905
R304,1577156400,76,86,10,162,52,0.463299346690826,-1.0411871869684546
R304,1577170800,59,49,-10,108,52,0.31056329833121304,-1.1754002956128864
R304,1577185200,435,440,5,875,52,0.42511533460092277,0.730922932725617
R304,1577199600,629,320,-309,949,52,-1.9728406246450008,0.9148446001272458
R304,1577214000,568,392,-176,960,52,-0.9571459030535747,0.9421843074437041
R304,1577228400,241,272,31,513,52,0.6236721974684196,-0.16880198077964792
R304,1577242800,40,91,51,131,52,0.7764082458280326,-1.1182354530421097
R304,1577257200,21,8,-13,29,52,0.2876528910772711,-1.3717491027038142
R304,1577271600,222,79,-143,301,52,-0.7051314232602134,-0.6957127036059356
R304,1577286000,334,285,-49,619,52,0.01272800402996773,0.09465338063349597
R304,1577300400,401,307,-94,708,52,-0.33092810477916146,0.31585646710302245
R304,1577314800,135,235,100,370,52,1.1506115643090844,-0.5242181758936062
R304,1577329200,25,74,49,99,52,0.7611346409920713,-1.197769147053625
R304,1577343600,53,53,0,106,52,0.3869313225110195,-1.180371151488606
R304,1577358000,450,552,102,1002,52,1.1658851691450456,1.0465722808338178
R304,1577372400,563,392,-171,955,52,-0.9189618909636715,0.9297571677544049
R304,1577386800,729,426,-303,1155,52,-1.9270198101371172,1.4268427553263745
R304,1577401200,220,327,107,547,52,1.2040691812349489,-0.08429743089241308
R304,1577415600,53,93,40,146,52,0.6924034192302454,-1.080954033974212
R304,1577430000,61,52,-9,113,52,0.3182001007491937,-1.162973155923587
R304,1577444400,500,512,12,1012,52,0.4785729515267873,1.0714265602124162
R304,1577458800,658,536,-122,1194,52,-0.5447585724826197,1.5237744449029085
R304,1577473200,784,414,-370,1198,52,-2.4386855721418206,1.5337161566543478
R304,1577487600,322,368,46,690,52,0.7382242337381293,0.2711187642215452
