remote_unit_id,time_stamp,entries,exits,num_people_exited,sum_exit_entry,week_num,z_score_num_people_exited,z_score_sum_exit_entry
R050,1546311600,141,69,-72,210,1,-0.3301691109479418,-0.8358538326249823
R050,1546326000,28,57,29,85,1,-0.15680887222518292,-0.9766060737412269
R050,1546340400,93,298,205,391,1,0.14528421703427813,-0.6320445874886601
R050,1546354800,192,383,191,575,1,0.12125408493409373,-0.42485728856554816
R050,1546369200,323,346,23,669,1,-0.16710750026811907,-0.31901160324613226
R050,1546383600,165,114,-51,279,1,-0.2941239127976652,-0.7581585955288153
R050,1546398000,44,26,-18,70,1,-0.23748145856151626,-0.9934963426751762
R050,1546412400,54,410,356,464,1,0.40446635611483844,-0.5498452786767734
R050,1546426800,584,2048,1464,2632,1,2.306279668043718,1.8913615912433723
R050,1546441200,537,712,175,1249,1,0.09379107681959728,0.3340787955332425
R050,1546455600,1652,664,-988,2316,1,-1.9024263255028642,1.535539925701506
R050,1546470000,515,166,-349,681,1,-0.8056224389301618,-0.30549938809897276
R050,1546484400,70,32,-38,102,1,-0.27181021870463684,-0.9574637689494175
R050,1546498800,55,446,391,501,1,0.4645416863652994,-0.5081826153063649
R050,1546513200,720,2262,1542,2982,1,2.4401618326018886,2.2854678663688572
R050,1546527600,611,915,304,1526,1,0.31521157974272496,0.6459857618468404
R050,1546542000,1609,760,-849,2369,1,-1.6638414425081762,1.5952188759347938
R050,1546556400,591,171,-420,762,1,-0.9274895374382398,-0.2142919358556463
R050,1546570800,94,38,-56,132,1,-0.30270610283344535,-0.9236832310815188
R050,1546585200,48,375,327,423,1,0.35468965390731366,-0.5960120137629016
R050,1546599600,600,2183,1583,2783,1,2.5105357908952857,2.0613902985117956
R050,1546614000,706,812,106,1518,1,-0.024643145674168705,0.6369776184154008
R050,1546628400,1598,732,-866,2330,1,-1.6930208886298286,1.5513041767065254
R050,1546642800,424,207,-217,631,1,-0.5790526219855661,-0.3618002845454706
R050,1546657200,118,53,-65,171,1,-0.3181540448978496,-0.8797685318532505
R050,1546671600,18,147,129,165,1,0.014834928490419955,-0.8865246394268304
R050,1546686000,133,661,528,794,1,0.6996936933456753,-0.1782593621298877
R050,1546700400,287,633,346,920,1,0.3873019760432782,-0.036381103084713165
R050,1546714800,431,485,54,916,1,-0.1138979220462822,-0.040885174800432994
R050,1546729200,244,167,-77,411,1,-0.33875130098372197,-0.609524228910061
R050,1546743600,101,36,-65,137,1,-0.3181540448978496,-0.9180531414368691
R050,1546758000,15,104,89,119,1,-0.05382259179582119,-0.9383214641576083
R050,1546772400,96,427,331,523,1,0.36155540593593777,-0.48341022086990587
R050,1546786800,286,556,270,842,1,0.25685268749942003,-0.12421050154124977
R050,1546801200,382,432,50,814,1,-0.12076367407490632,-0.15573900355128856
R050,1546815600,231,145,-86,376,1,-0.3541992430481262,-0.6489348564226095
R050,1546830000,58,34,-24,92,1,-0.24778008660445244,-0.9687239482387171
R050,1546844400,48,454,406,502,1,0.49028825647263985,-0.507056597377435
R050,1546858800,674,2275,1601,2949,1,2.541431675024094,2.2483092747141686
R050,1546873200,628,757,129,1385,1,0.014834928490419955,0.4872172338677166
R050,1546887600,1712,758,-954,2470,1,-1.8440674332595592,1.7089466867567193
R050,1546902000,555,176,-379,731,1,-0.8571155791448427,-0.24919849165247493
R050,1546916400,76,39,-37,115,2,-0.23234406104365424,-0.9963050111884728
R050,1546930800,50,459,409,509,2,0.3975067278810536,-0.613495144810957
R050,1546945200,689,2428,1739,3117,2,2.2757613226565274,1.9204341229874216
R050,1546959600,634,821,187,1455,2,0.08399355491853087,0.3056371739533321
R050,1546974000,1797,806,-991,2603,2,-1.5796033718826035,1.4210324191345203
R050,1546988400,583,151,-432,734,2,-0.7901715534769718,-0.3948854495446092
R050,1547002800,76,39,-37,115,2,-0.23234406104365424,-0.9963050111884728
R050,1547017200,71,428,357,499,2,0.32407120988983207,-0.6232111312672391
R050,1547031600,694,2515,1821,3209,2,2.391563485642685,2.009821198385217
R050,1547046000,669,842,173,1511,2,0.0642224539208943,0.36004669810851203
R050,1547060400,1763,791,-972,2554,2,-1.552771163385811,1.3734240854987378
R050,1547074800,627,172,-455,799,2,-0.822652647973089,-0.3317315375787754
R050,1547089200,73,40,-33,113,2,-0.2266951750443295,-0.9982482084797293
R050,1547103600,65,399,334,464,2,0.2915901153937149,-0.6572170838642266
R050,1547118000,725,2406,1681,3131,2,2.193852475666319,1.9340365040262166
R050,1547132400,663,849,186,1512,2,0.08258133341869969,0.36101829675414027
R050,1547146800,1712,803,-909,2515,2,-1.4638012088964465,1.3355317383192375
R050,1547161200,622,177,-445,799,2,-0.8085304329747771,-0.3317315375787754
R050,1547175600,84,38,-46,122,2,-0.24505405454213489,-0.9895038206690754
R050,1547190000,57,400,343,457,2,0.3043001088921955,-0.6640182743836242
R050,1547204400,679,2403,1724,3082,2,2.25457800015906,1.8864281703904342
R050,1547218800,711,833,122,1544,2,-0.007800842570496054,0.3921094534142431
R050,1547233200,1662,764,-898,2426,2,-1.4482667723983034,1.2490594588583266
R050,1547247600,452,183,-269,635,2,-0.5599794490044888,-0.49107371546180223
R050,1547262000,97,67,-30,164,2,-0.22245851054483595,-0.9486966775526904
R050,1547276400,26,104,78,130,2,-0.06993858856306813,-0.9817310315040496
R050,1547290800,134,513,379,647,2,0.35514008288611815,-0.4794145317142637
R050,1547305200,351,684,333,1035,2,0.29017789389388365,-0.10243425721051719
R050,1547319600,455,525,70,980,2,-0.0812363605617176,-0.1558721827200689
R050,1547334000,266,191,-75,457,2,-0.2860084780372392,-0.6640182743836242
R050,1547348400,113,48,-65,161,2,-0.2718862630389274,-0.9516114734895751
R050,1547362800,15,70,55,85,2,-0.10241968305918535,-1.0254529705573192
R050,1547377200,100,293,193,393,2,0.09246688391751798,-0.7262005877038297
R050,1547391600,296,411,115,707,2,-0.01768639306931434,-0.42111861297657094
R050,1547406000,347,395,48,742,2,-0.11230523355800363,-0.3871126603795835
R050,1547420400,191,105,-86,296,2,-0.30154291453538223,-0.8204456563297663
R050,1547434800,43,18,-25,61,2,-0.21539740304568003,-1.0487713380523964
R050,1547449200,57,417,360,474,2,0.3283078743893256,-0.6475010974079445
R050,1547463600,665,2412,1747,3077,2,2.287059094655177,1.881570177162293
R050,1547478000,599,730,131,1329,2,0.004909150927984598,0.18321574460417733
R050,1547492400,1739,724,-1015,2463,2,-1.613496687878552,1.2850086087465704
R050,1547506800,543,134,-409,677,2,-0.7576904589808545,-0.45026657234541734
R050,1547521200,79,34,-45,113,3,-0.28500465424188837,-1.0387915248903847
R050,1547535600,62,384,322,446,3,0.4628478781351513,-0.6003444123518406
R050,1547541671,288,612,324,900,3,0.4669233687748082,-0.002581682344335819
R050,1547541754,187,1110,923,1297,3,1.6875328153520475,0.520131541913328
R050,1547550000,444,1295,851,1739,3,1.5408151523243994,1.1020943759734978
R050,1547564400,613,854,241,1467,3,0.2977905072290472,0.7439634011672394
R050,1547578800,1731,762,-969,2493,3,-2.167881329763372,2.0948545046643754
R050,1547593200,585,151,-434,736,3,-1.0776875836551538,-0.2185135936245798
R050,1547607600,97,33,-64,130,3,-0.32372181531862887,-1.0164083389649936
R050,1547622000,68,420,352,488,3,0.5239802377300047,-0.5450447765361682
R050,1547622031,0,0,0,0,3,-0.19330611484960827,-1.1875738783944552
R050,1547627216,215,478,263,693,3,0.34262090426527303,-0.2751298874358633
R050,1547627304,149,893,744,1042,3,1.3227764031027556,0.1843837530324608
R050,1547633594,385,840,455,1225,3,0.7338680056723347,0.4253321662293184
R050,1547633678,277,1300,1023,1577,3,1.891307347334892,0.8887957806844762
R050,1547636400,98,260,162,358,3,0.1368086269626,-0.7162103159656299
R050,1547650800,612,823,211,1435,3,0.23665814763419385,0.7018303453076796
R050,1547665200,1762,807,-955,2569,3,-2.139352895285774,2.19492051233083
R050,1547679600,613,143,-470,756,3,-1.1510464151689779,-0.19218043371235494
R050,1547694000,93,36,-57,129,3,-0.3094575980798297,-1.0177249969606048
R050,1547708400,69,379,310,448,3,0.43839493429721,-0.597711096360618
R050,1547715259,235,1067,832,1302,3,1.5020979912476589,0.5267148318913841
R050,1547722800,671,1536,865,2207,3,1.5693435868019976,1.7182903179195599
R050,1547737200,694,819,125,1513,3,0.06141205012894749,0.8045296689653566
R050,1547751600,1701,778,-923,2479,3,-2.074145045051264,2.076421292725818
R050,1547766000,624,150,-474,774,3,-1.1591973964482918,-0.16848058979135253
R050,1547780400,147,31,-116,178,3,-0.42968457194970805,-0.9532087551756538
R050,1547794800,81,366,285,447,3,0.38745130130149885,-0.5990277543562292
R050,1547797740,113,150,37,263,3,-0.11790953801595576,-0.8412928255486981
R050,1547809200,837,2290,1453,3127,3,2.767537834861124,2.929615673881904
R050,1547823600,818,798,-20,1616,3,-0.2340610212461772,0.9401454425133148
R050,1547838000,1605,738,-867,2343,3,-1.960031307140871,1.8973558053226889
R050,1547852400,605,190,-415,795,3,-1.0389704225784133,-0.14083077188351642
R050,1547866800,147,33,-114,180,3,-0.42560908131005115,-0.9505754391844313
R050,1547881200,24,101,77,125,3,-0.036399725222817925,-1.0229916289430498
R050,1547895600,183,486,303,669,3,0.4241307170584109,-0.30672967933053313
R050,1547910000,488,453,-35,941,3,-0.26462720104360393,0.051401295475725174
R050,1547924400,612,376,-236,988,3,-0.6742140103291215,0.11328422126945363
R050,1547938800,345,156,-189,501,3,-0.5784399802971846,-0.5279282225932221
R050,1547953200,86,101,15,187,3,-0.16273993505218157,-0.9413588332151527
R050,1547967600,11,50,39,61,3,-0.11383404737629887,-1.1072577406621693
R050,1547982000,76,243,167,319,3,0.14699735356174223,-0.7675599777944685
R050,1547996400,218,359,141,577,3,0.09401597524620263,-0.42786221492676757
R050,1548010800,273,280,7,553,3,-0.17904189761080916,-0.4594620068214374
R050,1548025200,172,90,-82,262,3,-0.3604012310755409,-0.8426094835443093
R050,1548039600,40,18,-22,58,3,-0.2381365118858341,-1.1112077146490031
R050,1548054000,22,242,220,264,3,0.25499785551264986,-0.8399761675530869
R050,1548068400,199,825,626,1024,3,1.0823224553629989,0.1606839091114584
R050,1548082800,343,574,231,917,3,0.2774130540307627,0.019801503581055327
R050,1548097200,584,397,-187,981,3,-0.5743644896575277,0.10406761530017493
R050,1548111600,200,108,-92,308,3,-0.38077868427382533,-0.7820432157461922
R050,1548126000,47,19,-28,66,4,-0.300963382540004,-0.514048143198132
R050,1548140400,48,393,345,441,4,0.275801100674212,-0.3708100766813482
R050,1548146382,261,545,284,806,4,0.1814776865292598,-0.23139169193834536
R050,1548154800,479,2333,1854,2812,4,2.60914588665344,0.5348364718821031
R050,1548169200,600,776,176,1376,4,0.014478854928360789,-0.013669830832834056
R050,1548183600,1629,716,-913,2345,4,-1.669426030380704,0.35645733304653515
R050,1548198000,577,136,-441,713,4,-0.9395792848656641,-0.2669147324345077
R050,1548212400,76,45,-31,121,4,-0.3056022389733623,-0.493039893442337
R050,1548226800,68,431,363,499,4,0.30363423927436184,-0.34865592239341897
R050,1548241200,690,2317,1627,3007,4,2.258139083195995,0.6093202664708307
R050,1548255600,666,857,191,1523,4,0.03767313709515232,0.042479491241745174
R050,1548270000,1755,840,-915,2595,4,-1.672518601336276,0.4519493773910576
R050,1548284400,600,186,-414,786,4,-0.8978295769654393,-0.23903105548590714
R050,1548298800,88,40,-48,128,4,-0.33188909209572603,-0.49036611620069037
R050,1548313200,49,384,335,433,4,0.26033824589635096,-0.3738658221003729
R050,1548471600,6946,8393,1447,15339,4,1.9798076971944965,5.319751829897437
R050,1548486000,15,158,143,173,4,-0.03654856583858057,-0.4731775482186763
R050,1548500400,139,534,395,673,4,0.3531153745635171,-0.2821934595296313
R050,1548514800,368,556,188,924,4,0.03303428066179401,-0.18631944700773073
R050,1548529200,466,456,-10,922,4,-0.27313024393985413,-0.18708338336248692
R050,1548543600,275,145,-130,420,4,-0.45868450127418636,-0.3788314084062881
R050,1548558000,90,47,-43,137,4,-0.3241576647067955,-0.48692840260428755
R050,1548572400,14,76,62,90,4,-0.16179768953925483,-0.5048809069410578
R050,1548586800,102,413,311,515,4,0.22322739442948453,-0.3425444315553695
R050,1548601200,296,481,185,777,4,0.028395424228435703,-0.24246876908230997
R050,1548615600,385,360,-25,745,4,-0.29632452610664567,-0.25469175075840883
R050,1548630000,219,103,-116,322,4,-0.43703650458518095,-0.4162642897893409
R050,1548644400,46,35,-11,81,4,-0.27467652941764026,-0.5083186205374606
R050,1548658800,55,376,321,431,4,0.23869024920734555,-0.3746297584551291
R050,1548673200,723,2264,1541,2987,4,2.12515853210639,0.6016809029232689
R050,1548687600,593,810,217,1403,4,0.07787655951759097,-0.003356690043625626
R050,1548702000,1639,678,-961,2317,4,-1.743647733314437,0.3457622240799486
R050,1548716400,541,141,-400,682,4,-0.8761815802764339,-0.2787557459332285
R050,1548730800,62,35,-27,97,5,-0.213039148718214,-0.8100936517871763
R050,1548745200,56,425,369,481,5,0.423358648729387,-0.5283742915520668
R050,1548759600,752,2452,1700,3204,5,2.562362356817157,1.4693387759484617
R050,1548774000,690,801,111,1491,5,0.008735841301404512,0.21260631739965327
R050,1548788400,1717,731,-986,2448,5,-1.7542146228400557,0.9147037854855901
R050,1548802800,599,169,-430,768,5,-0.8606864021813028,-0.3178184155430137
R050,1548817200,69,26,-43,95,5,-0.2387521910393292,-0.8115609401217342
R050,1548831600,56,362,306,418,5,0.3221135445899959,-0.5745938740906396
R050,1548846000,698,2473,1775,3171,5,2.6828922426973842,1.4451285184282572
R050,1548860400,671,756,85,1427,5,-0.033047852470407674,0.16565309069380169
R050,1548874800,1747,741,-1006,2488,5,-1.7863559257414496,0.9440495521767474
R050,1548889200,552,139,-413,691,5,-0.8333662947151179,-0.3743090164234914
R050,1548903600,74,23,-51,97,5,-0.2516087121998868,-0.8100936517871763
R050,1548918000,40,354,314,394,5,0.3349700657505535,-0.5922013341053338
R050,1548932400,677,2236,1559,2913,5,2.3357661713623292,1.2558483232702928
R050,1548946800,550,741,191,1291,5,0.13730105290698047,0.0658774839438671
R050,1548961200,1583,725,-858,2308,5,-1.5485102842711342,0.8119936020665398
R050,1548975600,549,164,-385,713,5,-0.7883684706531664,-0.3581688447433549
R050,1548990000,72,26,-46,98,5,-0.2435733864745383,-0.8093600076198973
R050,1549004400,53,387,334,440,5,0.3671113686519475,-0.5584537024105031
R050,1549076400,3337,4095,758,7432,5,1.0485069901615,4.571186315203781
R050,1549090800,38,139,101,177,5,-0.007334810149292483,-0.7514021184048618
R050,1549105200,189,566,377,755,5,0.4362151698899446,-0.32735578971763984
R050,1549119600,441,584,143,1025,5,0.06016192594363489,-0.1292718645523285
R050,1549134000,567,542,-25,1109,5,-0.2098250184280746,-0.06764575450089833
R050,1549148400,327,148,-179,475,5,-0.4573130507688083,-0.5327761565557405
R050,1549162800,124,31,-93,155,5,-0.3191054482928142,-0.7675422900849983
R050,1549177200,27,63,36,90,5,-0.11179404457882294,-0.8152291609581288
R050,1549191600,150,386,236,536,5,0.20961898443511692,-0.4880238623517257
R050,1549206000,362,459,97,821,5,-0.01376307072957128,-0.2789352746772304
R050,1549220400,498,354,-144,852,5,-0.40106577069136884,-0.25619230549158356
R050,1549234800,263,86,-177,349,5,-0.45409892047866884,-0.6252153216328857
R050,1549249200,76,29,-47,105,5,-0.245180451619608,-0.8042244984489448
R050,1549263600,57,398,341,455,5,0.37836082466743537,-0.5474490399013191
R050,1549267891,87,653,566,740,5,0.7399504823081178,-0.3383604522268238
R050,1549278000,676,1629,953,2305,5,1.3618846934500914,0.809792669564703
R050,1549292400,643,691,48,1334,5,-0.09250926283798655,0.09742418313686112
R050,1549306800,1649,700,-949,2349,5,-1.694753212472477,0.8420730129249759
R050,1549321200,587,163,-424,750,5,-0.8510440113108846,-0.33102401055403446
R050,1549335600,80,39,-41,119,6,-0.08048215596656308,-1.0742667406056299
R050,1549350000,66,387,321,453,6,0.49737081440959957,-0.7332274185769373
R050,1549353913,90,580,490,670,6,0.7671419525133882,-0.5116539668397327
R050,1549364400,743,1693,950,2436,6,1.5014302574112746,1.2915659214916184
R050,1549378800,682,818,136,1500,6,0.20205921352675404,0.33583895915971324
R050,1549393200,1704,702,-1002,2406,6,-1.6145062016336689,1.2609336470579036
R050,1549407600,599,179,-420,778,6,-0.6854718680454738,-0.401377778878359
R050,1549422000,90,29,-61,119,6,-0.11240773444038421,-1.0742667406056299
R050,1549436400,55,417,362,472,6,0.5628182502809329,-0.7138269781022512
R050,1549450800,840,2464,1624,3304,6,2.577322251979047,2.1778597284404366
R050,1549465200,660,743,83,1403,6,0.117456430571128,0.23679460515736833
R050,1549479600,1718,774,-944,2492,6,-1.5219220240595877,1.3487461671012198
R050,1549494000,603,196,-407,799,6,-0.66472024203749,-0.37993518677475857
R050,1549508400,67,26,-41,93,6,-0.08048215596656308,-1.1008147117815161
R050,1549522800,64,300,236,364,6,0.3616871058958598,-0.8241031660636249
R050,1549537200,732,2427,1695,3159,6,2.690658055561112,2.029803735344148
R050,1549551600,720,729,9,1449,6,-0.0006682097820102112,0.2837640926223979
R050,1549566000,1705,847,-858,2552,6,-1.3846420366221568,1.4100107159686495
R050,1549580400,620,200,-420,820,6,-0.6854718680454738,-0.3584925946711582
R050,1549594800,104,35,-69,139,6,-0.12517796582991267,-1.0538452243164866
R050,1549609200,69,227,158,296,6,0.23717734984795733,-0.893536321446712
R050,1549623600,759,2228,1469,2987,6,2.3298990188069335,1.8541786952575157
R050,1549638000,964,833,-131,1797,6,-0.22414725909875818,0.6390984760534909
R050,1549652400,1696,720,-976,2416,6,-1.5730029496177016,1.2711444052024752
R050,1549666800,729,190,-539,919,6,-0.8754290599647095,-0.2574060890398989
R050,1549681200,218,34,-184,252,6,-0.3087500420543842,-0.9384636572828272
R050,1549695600,52,140,88,192,6,0.1254378251895833,-0.999728206150257
R050,1549710000,277,545,268,822,6,0.41276803145397356,-0.3564504430422438
R050,1549724400,635,632,-3,1267,6,-0.019823556866302897,0.09792829439119405
R050,1549738800,826,378,-448,1204,6,-0.7301676779088233,0.03360051808039274
R050,1549753200,484,148,-336,632,6,-0.551384438455425,-0.5504548477891049
R050,1549767600,188,44,-144,232,6,-0.24489888510674193,-0.9588851735719705
R050,1549782000,39,67,28,106,6,0.029661089768119875,-1.087540726193573
R050,1549796400,220,388,168,608,6,0.2531401390848679,-0.5749606673360769
R050,1549810800,505,426,-79,931,6,-0.14114075506682325,-0.24515317926641297
R050,1549825200,542,380,-162,922,6,-0.27363190573318097,-0.25434286159652747
R050,1549839600,397,103,-294,500,6,-0.48434072366040054,-0.6852368552974506
R050,1549854000,112,36,-76,148,6,-0.13635191829575008,-1.0446555419863721
R050,1549868400,94,376,282,470,6,0.4351159363856483,-0.7158691297311655
R050,1549882800,1057,2290,1233,3347,6,1.953177192815844,2.221765988462095
R050,1549897200,817,719,-98,1536,6,-0.17147005461695333,0.3725976884801711
R050,1549911600,1579,733,-846,2312,6,-1.3654866895378641,1.1649525204989302
R050,1549926000,775,159,-616,934,6,-0.998342537088921,-0.2420899518230415
R050,1549940400,112,37,-75,149,7,-0.09946864005600613,-1.035682203618875
R050,1549954800,96,372,276,468,7,0.5281568550799891,-0.7026976548883269
R050,1549969200,1023,2288,1265,3311,7,2.296594503768021,2.2649357997854938
R050,1549983600,774,700,-74,1474,7,-0.09768053323225685,0.3474040881302673
R050,1549998000,1609,689,-920,2298,7,-1.6104189061241427,1.2075271857916208
R050,1550012400,585,116,-469,701,7,-0.8039827286132201,-0.45948323528262863
R050,1550026800,107,26,-81,133,7,-0.11019728099850178,-1.0523836229909402
R050,1550041200,114,281,167,395,7,0.33325321129131824,-0.778897880773374
R050,1550046876,356,506,150,862,7,0.30285539528758054,-0.2914252028512234
R050,1550055600,721,2514,1793,3235,7,3.240714906707638,2.185604057768184
R050,1550070000,902,893,-9,1795,7,0.018546410311445962,0.6824763142823237
R050,1550084400,1717,849,-868,2566,7,-1.5174373512891806,1.4872759602737116
R050,1550098800,828,199,-629,1027,7,-1.090079820413104,-0.11919181557680188
R050,1550113200,147,37,-110,184,7,-0.16205237888723073,-0.9991478487424827
R050,1550127600,108,363,255,471,7,0.49060661178125436,-0.6995661387560647
R050,1550142000,1115,2455,1340,3570,7,2.430702515549217,2.5352900258707978
R050,1550156400,948,851,-97,1799,7,-0.13880699017849016,0.68665166912534
R050,1550170800,1697,746,-951,2443,7,-1.6658502176603702,1.358883798850961
R050,1550185200,806,213,-593,1019,7,-1.0257079747581301,-0.12754252526283444
R050,1550199600,191,38,-153,229,7,-0.23894097230844952,-0.9521751067585495
R050,1550214000,95,393,298,488,7,0.5674952052024732,-0.6818208806732455
R050,1550228400,969,2175,1206,3144,7,2.191096201166814,2.090614735089564
R050,1550242800,914,766,-148,1680,7,-0.23000043818970314,0.5624348625456057
R050,1550257200,1512,722,-790,2234,7,-1.3779650190367372,1.1407215083033604
R050,1550271600,628,210,-418,838,7,-0.7127892806020071,-0.3164773319093211
R050,1550286000,202,35,-167,237,7,-0.26397446784093936,-0.943824397072517
R050,1550300400,51,129,78,180,7,0.17411170397763281,-1.003323203585499
R050,1550314800,304,512,208,816,7,0.4065655910650385,-0.3394417835459106
R050,1550329200,565,570,5,1135,7,0.0435799058439358,-0.006457234815362341
R050,1550343600,750,509,-241,1259,7,-0.39629437279838564,0.12297876531814231
R050,1550358000,450,136,-314,586,7,-0.5268261709320826,-0.5795246870193467
R050,1550372400,182,97,-85,279,7,-0.11734970829349888,-0.899983171220846
R050,1550386800,53,73,20,126,7,0.0704015082001749,-1.0596904939662188
R050,1550401200,272,385,113,657,7,0.2366954428088574,-0.5054121385558077
R050,1550415600,483,468,-15,951,7,0.007817769368950317,-0.1985235575941112
R050,1550430000,572,322,-250,894,7,-0.4123873342121291,-0.25802236410709317
R050,1550444400,349,111,-238,460,7,-0.39093005232713784,-0.7110483645743595
R050,1550458800,114,31,-83,145,7,-0.11377349464600033,-1.0398575584618914
R050,1550473200,61,202,141,263,7,0.2867624338738371,-0.9166845905929112
R050,1550487600,459,828,369,1287,7,0.6944507896886717,0.15220624921925627
R050,1550502000,659,584,-75,1243,7,-0.09946864005600613,0.1062773459460772
R050,1550516400,901,539,-362,1440,7,-0.6126552984720478,0.31191357196462893
R050,1550530800,451,149,-302,600,7,-0.5053688890470913,-0.5649109450687897
R050,1550545200,88,28,-60,116,8,-0.16605465728750435,-1.2067107759447722
R050,1550559600,86,399,313,485,8,0.33547074488447237,-0.8431210021366984
R050,1550574000,1041,2193,1152,3234,8,1.4635667567404735,1.8655735458264302
R050,1550588400,906,730,-176,1636,8,-0.3220250236466177,0.29100319746517905
R050,1550602800,1686,694,-992,2380,8,-1.4191958766555535,1.024094773923734
R050,1550617200,565,159,-406,724,8,-0.6312766121172736,-0.6076251865807917
R050,1550631600,78,26,-52,104,8,-0.15529808029722067,-1.2185348336295876
R050,1550646000,83,398,315,481,8,0.33815988913204326,-0.8470623546983036
R050,1550660400,600,2291,1691,2891,8,2.188291131460837,1.52760256366879
R050,1550674800,703,805,102,1508,8,0.05176602676574022,0.16487991549381473
R050,1550689200,1721,656,-1065,2377,8,-1.517349641691892,1.0211387595025303
R050,1550703600,605,157,-448,762,8,-0.687748641316263,-0.5701823372455429
R050,1550718000,73,30,-43,103,8,-0.14319693118315152,-1.2195201717699888
R050,1550732400,56,278,222,334,8,0.21311468161999547,-0.9919070613372922
R050,1550746800,602,2024,1422,2626,8,1.8266012301625478,1.2664879564624498
R050,1550761200,663,827,164,1490,8,0.13512949844043876,0.14714382896659162
R050,1550775600,1616,695,-921,2311,8,-1.3237312558667857,0.9561064422360455
R050,1550790000,570,168,-402,738,8,-0.6258983236221318,-0.5938304526151736
R050,1550804400,92,38,-54,130,8,-0.15798722454479158,-1.192916041979154
R050,1550818800,63,394,331,457,8,0.35967304311261067,-0.8707104700679343
R050,1550833200,617,2156,1539,2773,8,1.9839161686454467,1.4113326631014385
R050,1550847600,708,755,47,1463,8,-0.022185440042460095,0.12053969917575695
R050,1550862000,1618,727,-891,2345,8,-1.2833940921532219,0.9896079390096891
R050,1550876400,486,222,-264,708,8,-0.44034737053973827,-0.6233905968272122
R050,1551495600,6139,7152,1013,13291,9,1.8995416141192971,4.025524895532068
R050,1551510000,47,129,82,176,9,-0.005342496311627495,-0.4500611568496158
R050,1551524400,310,642,332,952,9,0.5061731079931321,-0.18524569542009334
R050,1551538800,578,596,18,1174,9,-0.13629049101364593,-0.10948663300082273
R050,1551553200,778,450,-328,1228,9,-0.8442280873714331,-0.09105875295289204
R050,1551567600,434,166,-268,600,9,-0.7214643423382908,-0.3053681727695674
R050,1551582000,157,35,-122,192,9,-0.4227392294243113,-0.4446010442428215
R050,1551596400,42,103,61,145,9,-0.048309807073227296,-0.4606401250252797
R050,1551610800,92,355,263,447,9,0.3649948012050184,-0.3575804995720377
R050,1551625200,498,469,-29,967,9,-0.23245542462294075,-0.18012683985122369
R050,1551639600,359,350,-9,709,9,-0.19153417627855998,-0.2681711556357814
R050,1551654000,176,94,-82,270,9,-0.34089673273554977,-0.4179829952846994
R050,1551668400,40,28,-12,68,9,-0.19767236353021708,-0.4869169169454772
R050,1551682800,46,226,180,272,9,0.19517162057583826,-0.4173004812088501
R050,1551697200,488,1913,1425,2401,9,2.742519330013541,0.3092357525327134
R050,1551711600,508,743,235,1251,9,0.30770505352288535,-0.08320984108062526
R050,1551726000,1472,601,-871,2073,9,-1.9552399799213709,0.19730344409343073
R050,1551740400,528,163,-365,691,9,-0.9199323968085376,-0.27431378231842496
R050,1551754800,67,28,-39,95,10,-0.17845792988023748,-1.085651300969715
R050,1551769200,58,452,394,510,10,0.46313049238866816,-0.6945695190753232
R050,1551783600,630,2382,1752,3012,10,2.4753177382112406,1.6632295611650822
R050,1551798000,651,779,128,1430,10,0.06899072258837047,0.17240696126887062
R050,1551812400,1714,774,-940,2488,10,-1.5134952704444038,1.1694299136646935
R050,1551826800,813,203,-610,1016,10,-1.0245248793387713,-0.2177324548860166
R050,1551841200,148,34,-114,182,10,-0.2895875642224267,-1.0036654816328183
R050,1551855600,110,418,308,528,10,0.3357018450096246,-0.6776069357642411
R050,1551870000,1057,2385,1328,3442,10,1.8470648720633978,2.0684468291520424
R050,1551884400,939,834,-105,1773,10,-0.27625200810136397,0.49563840991893415
R050,1551898800,1653,660,-993,2313,10,-1.5920268787128842,1.0045159092513958
R050,1551913200,723,189,-534,912,10,-0.9119135165386864,-0.3157384917944907
R050,1551927600,150,28,-122,178,10,-0.30144139188559355,-1.0074349445908366
R050,1551942000,102,435,333,537,10,0.37274505645702094,-0.6691256441087001
R050,1551956400,1060,2656,1596,3716,10,2.244168098779487,2.3266550417762915
R050,1551970800,959,1041,82,2000,10,0.000831213525161092,0.7095554327864689
R050,1551985200,1740,877,-863,2617,10,-1.399402179186423,1.2909950940607815
R050,1551999600,799,166,-633,965,10,-1.058604633870376,-0.2657931076007491
R050,1552014000,151,37,-114,188,10,-0.2895875642224267,-0.998011287195791
R050,1552028400,103,422,319,525,10,0.35200085804647896,-0.6804340329827548
R050,1552042800,963,2367,1404,3330,10,1.9596762348634826,1.9629018663275317
R050,1552057200,1044,859,-185,1903,10,-0.39479028473303246,0.6181459560545268
R050,1552071600,1760,771,-989,2531,10,-1.5860999648813008,1.2099516404633894
R050,1552086000,456,189,-267,645,10,-0.5162920182804926,-0.5673501442422079
R050,1552100400,113,36,-77,149,10,-0.23476361128028003,-1.0347635510364688
R050,1552114800,33,128,95,161,10,0.020093683477807222,-1.0234551621624142
R050,1552129200,214,559,345,773,10,0.3905257979517712,-0.44672732958562433
R050,1552143600,421,994,573,1415,10,0.7283598863520264,0.15827147517630225
R050,1552158000,562,546,-16,1108,10,-0.14437817534863281,-0.1310348068515972
R050,1552172400,278,163,-115,441,10,-0.29106929268032256,-0.7595927551011378
R050,1552190400,96,52,-44,148,10,-0.18586657216971678,-1.0357059167759735
R050,1552204800,30,131,101,161,10,0.028984054225182358,-1.0234551621624142
R050,1552219200,189,371,182,560,10,0.1490040593147467,-0.6474512321000953
R050,1552233600,294,435,141,729,10,0.0882531925410166,-0.4881914221238249
R050,1552248000,335,283,-52,618,10,-0.19772039983288361,-0.5927940192088309
R050,1552262400,154,85,-69,239,10,-0.22290978361711317,-0.9499506344810585
R050,1552276800,27,25,-2,52,10,-0.12363397693809082,-1.126173027768411
R050,1552291200,149,939,790,1088,10,1.0498949617154272,-0.1498821216416884
R050,1552305600,684,2066,1382,2750,10,1.927078208789774,1.4163297374148878
R050,1552320000,739,809,70,1548,10,-0.016949527969589182,0.2836061185304085
R050,1552334400,1727,626,-1101,2353,10,-1.7520535521656366,1.042210538831578
R050,1552348800,389,117,-272,506,11,-0.5002770147026321,-0.8145699857837804
R050,1552363200,35,19,-16,54,11,-0.14655812602342508,-1.297945012306345
R050,1552377600,171,952,781,1123,11,0.9546682578723875,-0.15474168630497004
R050,1552392000,637,2113,1476,2750,11,1.9149597720600786,1.5851945264211635
R050,1552406400,942,777,-165,1719,11,-0.3524335729499948,0.4826289238884999
R050,1552420800,1739,519,-1220,2258,11,-1.8101422743428208,1.0590429488789033
R050,1552435200,669,131,-538,800,11,-0.8678130474708707,-0.500162335789015
R050,1552449600,74,19,-55,93,11,-0.20044498797064803,-1.2562378750621412
R050,1552464000,271,960,689,1231,11,0.8275505322532974,-0.039244998551790915
R050,1552478400,1055,2068,1013,3123,11,1.275226000737919,1.9840858646798285
R050,1552492800,1012,839,-173,1851,11,-0.36348728822122,0.6237915422534966
R050,1552507200,1789,587,-1202,2376,11,-1.785271414982564,1.1852337743870063
R050,1552521600,586,121,-465,707,11,-0.7669478956209406,-0.5996178169098082
R050,1552536000,56,24,-32,80,11,-0.16866555656587554,-1.2701402541435425
R050,1552550400,252,923,671,1175,11,0.8026796728930408,-0.09913216997936528
R050,1552552220,152,1569,1417,1721,11,1.8334386219347925,0.48476775143948475
R050,1552564800,949,2003,1054,2952,11,1.3318762915029483,1.8012161090706282
R050,1552579200,1084,880,-204,1964,11,-0.40632043489721775,0.7446352988841378
R050,1552593600,1771,602,-1169,2373,11,-1.73967483948876,1.1820255330605292
R050,1552608000,691,158,-533,849,11,-0.860904475426355,-0.4477610607898874
R050,1552622400,74,20,-54,94,11,-0.19906327356174486,-1.255168461286649
R050,1552636800,265,952,687,1217,11,0.8247871034354912,-0.0542167914086845
R050,1552651200,997,1957,960,2954,11,1.2019951370660518,1.803354936621613
R050,1552665600,1118,813,-305,1931,11,-0.5458735901964361,0.7093446442928886
R050,1552680000,1642,567,-1075,2209,11,-1.6097936850518637,1.0066416738797757
R050,1552694400,512,144,-368,656,11,-0.6329215979573347,-0.6541579194599205
R050,1552708800,88,35,-53,123,11,-0.19768155915284172,-1.2241554617973693
R050,1552723200,86,236,150,322,11,0.08280646585449823,-1.011342120474382
R050,1552737600,269,1935,1666,2204,11,2.1774855097516777,1.0012946050023137
R050,1552752000,619,744,125,1363,11,0.04826360563191943,0.1019176198132058
R050,1552766400,536,349,-187,885,11,-0.38283128994586413,-0.40926216487216105
R050,1552780800,232,119,-113,351,11,-0.28058442368703085,-0.9803291209851023
R050,1552795200,51,36,-15,87,11,-0.14517641161452194,-1.2626543577150957
R050,1552809600,42,157,115,199,11,0.0344464615428879,-1.142880014859947
R050,1552824000,238,476,238,714,11,0.20439733383797568,-0.5921319204813613
R050,1552838400,389,495,106,884,11,0.022011031862759527,-0.41033157864765346
R050,1552852800,373,281,-92,654,11,-0.25156842110006467,-0.6562967470109053
R050,1552867200,166,93,-73,259,11,-0.22531584733090476,-1.0787151883304031
R050,1552881600,51,69,18,120,11,-0.0995798361207179,-1.2273637031238465
R050,1552896000,134,930,796,1064,11,0.9753939740059349,-0.2178370990590216
R050,1552910400,632,2054,1422,2686,11,1.8403471939793083,1.51675204478965
R050,1552924800,755,785,30,1540,11,-0.08299926321388007,0.2912038580753605
R050,1552939200,1726,564,-1162,2290,11,-1.7300028386264379,1.09326418969466
R050,1552953600,380,108,-272,488,12,-0.5237735349343667,-0.7552557370351372
R050,1552968000,41,26,-15,67,12,-0.1314885268798598,-1.2344588352931856
R050,1552982400,159,864,705,1023,12,0.9675200559965803,-0.1462921798663583
R050,1552996800,699,2032,1333,2731,12,1.926099764394364,1.7978382045154628
R050,1553011200,751,740,-11,1491,12,-0.12538292364165735,0.3864086514513772
R050,1553025600,1743,579,-1164,2322,12,-1.885323057053512,1.332294101932228
R050,1553040000,431,133,-298,564,12,-0.5634599559826827,-0.6687487644279835
R050,1553054400,47,22,-25,69,12,-0.1467525349753659,-1.23218233601405
R050,1553068800,164,905,741,1069,12,1.0224704851404023,-0.093932696446239
R050,1553083200,681,2178,1497,2859,12,2.1764294971606644,1.9435341583801427
R050,1553097600,775,883,108,1658,12,0.056258772694865386,0.5764963412592017
R050,1553112000,1793,693,-1100,2486,12,-1.7876334052422729,1.518967042821349
R050,1553126400,407,143,-264,550,12,-0.5115623284579619,-0.6846842593819329
R050,1553140800,46,23,-23,69,12,-0.14369973335626468,-1.23218233601405
R050,1553155200,152,942,790,1094,12,1.097264124808382,-0.06547645545704373
R050,1553169600,675,2055,1380,2730,12,1.9978406024432427,1.796699954875895
R050,1553184000,860,727,-133,1587,12,-0.3116038224068319,0.49568061684988707
R050,1553198400,1660,538,-1122,2198,12,-1.8212142230523862,1.1911511466258196
R050,1553212800,370,135,-235,505,12,-0.4672967049809942,-0.7359054931624843
R050,1553227200,44,39,-5,83,12,-0.11622451878435366,-1.2162468410601006
R050,1553241600,158,659,501,817,12,0.6561342908482556,-0.38077160561732737
R050,1553256000,630,1957,1327,2587,12,1.9169413595370604,1.633930256417698
R050,1553270400,822,789,-33,1611,12,-0.15896374145177078,0.5229986081995145
R050,1553284800,1545,568,-977,2113,12,-1.5998861056675475,1.0943999272625555
R050,1553299200,356,155,-201,511,12,-0.4153990774562734,-0.7290759953250775
R050,1553313600,60,43,-17,103,12,-0.134541328498961,-1.1934818482687444
R050,1553328000,138,217,79,355,12,0.011993149217897665,-0.906642939097656
R050,1553342400,538,639,101,1177,12,0.04557396702801111,0.028998264627084585
R050,1553356800,657,687,30,1344,12,-0.06280049045008228,0.219085954434909
R050,1553371200,603,448,-155,1051,12,-0.34518464021694534,-0.1144211899584596
R050,1553385600,302,131,-171,433,12,-0.3696070531697551,-0.8178594672113667
R050,1553400000,66,27,-39,93,12,-0.16812214630907443,-1.2048643446644225
R050,1553414400,83,153,70,236,12,-0.0017444580680578351,-1.0420946462062255
R050,1553428800,347,459,112,806,12,0.06236437593306783,-0.39329235165257326
R050,1553443200,529,516,-13,1045,12,-0.12843572526075855,-0.12125068779586647
R050,1553457600,473,285,-188,758,12,-0.3955558669321155,-0.4479283343518282
R050,1553472000,228,93,-135,321,12,-0.3146566240259331,-0.9453434268429616
R050,1553486400,35,21,-14,56,12,-0.12996212607030916,-1.2469795813284315
R050,1553500800,172,894,722,1066,12,0.9934688697589407,-0.09734744536494243
R050,1553515200,682,1912,1230,2594,12,1.768880481010651,1.6418980038946727
R050,1553529600,702,722,20,1424,12,-0.07806449854558839,0.3101459256003339
R050,1553544000,1684,536,-1148,2220,12,-1.860900644100702,1.2161926386963113
R050,1553558400,451,118,-333,569,13,-0.630767023554032,-0.6919328952460364
R050,1553572800,35,20,-15,55,13,-0.1572929401174192,-1.2637887714594829
R050,1553587200,156,963,807,1119,13,1.066592898199863,-0.08002485649623955
R050,1553601600,761,2042,1281,2803,13,1.7723372867185878,1.793526302148593
R050,1553616000,781,814,33,1595,13,-0.08582515393830785,0.4495537370399483
R050,1553630400,1748,579,-1169,2327,13,-1.8754976328402218,1.2639477086124051
R050,1553644800,458,142,-316,600,13,-0.60545551594893,-0.6574435330619569
R050,1553659200,49,26,-23,75,13,-0.16920423781393779,-1.2415375700503994
R050,1553673600,168,1041,873,1209,13,1.1648611041961412,0.020105549844636292
R050,1553688000,667,2304,1637,2971,13,2.302390034213664,1.9804363939848946
R050,1553702400,745,937,192,1682,13,0.15091188777999856,0.5463464631694616
R050,1553716800,1790,643,-1147,2433,13,-1.8427415641747955,1.3818790760805477
R050,1553731200,407,161,-246,568,13,-0.5012316611043927,-0.6930454553164905
R050,1553745600,58,21,-37,79,13,-0.19004900878284525,-1.2370873297685827
R050,1553760000,187,902,715,1089,13,0.9296129746898996,-0.11340165860986484
R050,1553774400,684,2059,1375,2743,13,1.9122950346526808,1.7267726979213425
R050,1553788800,949,662,-287,1611,13,-0.5622770617990502,0.4673546981672151
R050,1553803200,1711,815,-896,2526,13,-1.4690245989465258,1.485347162632786
R050,1553817600,424,169,-255,593,13,-0.514631871012976,-0.6652314535551361
R050,1553832000,51,33,-18,84,13,-0.16175967675361366,-1.2315245294163117
R050,1553846400,160,850,690,1010,13,0.8923901693882791,-0.20129390417574475
R050,1553860800,693,1850,1157,2543,13,1.58771217242255,1.5042606838305073
R050,1553875200,828,804,-24,1632,13,-0.1706931500260026,0.49071845964675276
R050,1553889600,1622,544,-1078,2166,13,-1.740006621542323,1.0848255372692828
R050,1553904000,439,157,-282,596,13,-0.5548325007387261,-0.6618937733437736
R050,1553918400,93,26,-67,119,13,-0.23471637514478985,-1.1925849269504156
R050,1553932800,62,263,201,325,13,0.16431209768858196,-0.9633975524368553
R050,1553947200,324,672,348,996,13,0.3831821928621106,-0.21686974516210322
R050,1553961600,793,777,-16,1570,13,-0.15878185232948402,0.4217397352785939
R050,1553976000,765,443,-322,1208,13,-0.614388989221319,0.018992989774182113
R050,1553990400,392,180,-212,572,13,-0.45060864589418875,-0.6885952150346739
R050,1554004800,80,29,-51,109,13,-0.21089377975175275,-1.2037105276549573
R050,1554019200,47,160,113,207,13,0.03328782302687777,-1.0946796407504482
R050,1554033600,225,476,251,701,13,0.23875770829182297,-0.5450749659460852
R050,1554048000,386,485,99,871,13,0.01244305205797029,-0.3559397539688752
R050,1554062400,419,322,-97,741,13,-0.27938374150673445,-0.5005725631279181
R050,1554076800,234,101,-133,335,13,-0.332984581141068,-0.9522719517323136
R050,1554091200,27,17,-10,44,13,-0.1498483790570951,-1.2760269322344788
R050,1554105600,156,930,774,1086,13,1.017458795201724,-0.11673933882122736
R050,1554120000,657,2021,1364,2678,13,1.895917000319968,1.654456293341821
R050,1554134400,721,775,54,1496,13,-0.05455799748494662,0.3394102900649848
R050,1554148800,1703,580,-1123,2283,13,-1.8070076710852399,1.2149950655124213
R050,1554163200,399,168,-231,567,14,-0.43668922225027085,-0.7042591385473902
R050,1554177600,28,25,-3,53,14,-0.08745454776650656,-1.2838834726290165
R050,1554192000,175,944,769,1119,14,1.095041806187292,-0.08178320000058534
R050,1554206400,730,1971,1241,2701,14,1.8180188516098215,1.7021967543129024
R050,1554220800,769,738,-31,1507,14,-0.13034301656275832,0.35575423506492243
R050,1554235200,1730,620,-1110,2350,14,-1.7830807962468884,1.306383249910858
R050,1554249600,416,167,-249,583,14,-0.46426038076214693,-0.6862163577199465
R050,1554264000,41,16,-25,57,14,-0.12115263039213295,-1.2793727774221555
R050,1554278400,193,921,728,1114,14,1.0322408340213518,-0.08742156900916147
R050,1554292800,724,1971,1247,2695,14,1.827209237780447,1.695430711502611
R050,1554307200,760,847,87,1607,14,0.05040124479287409,0.46852161523644503
R050,1554321600,1807,655,-1152,2462,14,-1.847413499441266,1.4326827157029633
R050,1554336000,433,154,-279,587,14,-0.5102123116152738,-0.6817056625130856
R050,1554350400,36,21,-15,57,14,-0.10583532010775731,-1.2793727774221555
R050,1554364800,178,934,756,1112,14,1.0751293028176037,-0.08967691661259192
R050,1554379200,727,2059,1332,2786,14,1.9574063751976396,1.7980490274586967
R050,1554393600,867,743,-124,1610,14,-0.27279400220745165,0.4719046366415907
R050,1554408000,1787,610,-1177,2397,14,-1.8857067751522052,1.3593839185914736
R050,1554422400,465,164,-301,629,14,-0.5439103942409003,-0.6343433628410461
R050,1554436800,51,23,-28,74,14,-0.12574782347744565,-1.2602023227929966
R050,1554451200,175,928,753,1103,14,1.070534109732291,-0.09982598082802895
R050,1554465600,734,1925,1191,2659,14,1.7414323001879433,1.6548344546408629
R050,1554480000,879,829,-50,1708,14,-0.15944590610307202,0.5824166692096828
R050,1554494400,1683,559,-1124,2242,14,-1.8045250306450142,1.1845944793256136
R050,1554508800,375,139,-236,514,14,-0.4443478773924586,-0.7640258500382971
R050,1554523200,63,39,-24,102,14,-0.11962089936369538,-1.2286274563449704
R050,1554537600,147,276,129,423,14,0.11473394798725171,-0.8666441659943828
R050,1554552000,543,611,68,1154,14,0.021298355252560398,-0.04231461694055242
R050,1554566400,695,600,-95,1295,14,-0.22837380238276234,0.11668738910129446
R050,1554580800,657,379,-278,1036,14,-0.5086805805868363,-0.1753801255429491
R050,1554595200,354,128,-226,482,14,-0.429030567108083,-0.8001114116931843
R050,1554609600,70,27,-43,97,14,-0.14872378890400909,-1.2342658253535463
R050,1554624000,81,153,72,234,14,0.02742527936631065,-1.0797745145185604
R050,1554638400,384,524,140,908,14,0.1315829893000649,-0.31972237216249805
R050,1554652800,546,522,-24,1068,14,-0.11962089936369538,-0.13929456388806186
R050,1554667200,493,269,-224,762,14,-0.4259671050512079,-0.48436274721292105
R050,1554681600,236,125,-111,361,14,-0.25288149883776334,-0.9365599417007268
R050,1554696000,26,19,-7,45,14,-0.09358147188025681,-1.2929048630427382
R050,1554710400,194,1003,809,1197,14,1.1563110473247944,0.006175356533202307
R050,1554724800,724,2035,1311,2759,14,1.925240023600451,1.7676018348123854
R050,1554739200,795,730,-65,1525,14,-0.18242187152963546,0.37605236349579646
R050,1554753600,1716,587,-1129,2303,14,-1.8121836857872022,1.2533825812302424
R050,1554768000,414,119,-295,533,15,-0.5811130586475387,-0.7259980573718658
R050,1554782400,40,53,13,93,15,-0.1303779298247683,-1.213049217906876
R050,1554796800,204,727,523,931,15,0.6159691990700787,-0.2854381439788339
R050,1554811200,817,2221,1404,3038,15,1.905247278592354,2.046872754310408
R050,1554825600,803,815,12,1618,15,-0.13184135556769938,0.47502582712923885
R050,1554840000,1818,602,-1216,2420,15,-1.9289281678870567,1.362787260649871
R050,1554854400,418,139,-279,557,15,-0.5576982467606416,-0.6994316304335926
R050,1554868800,41,21,-20,62,15,-0.1786709793414937,-1.247364186035479
R050,1554883200,199,995,796,1194,15,1.0154844268902616,0.005685617886410874
R050,1554887593,322,660,338,982,15,0.34523543662783035,-0.22898448673500313
R050,1554897600,508,2124,1616,2632,15,2.2154935360937413,1.5974573652712851
R050,1554912000,798,895,97,1693,15,-0.007450167418558192,0.5580459113113428
R050,1554926400,1820,635,-1185,2455,15,-1.8835619698561934,1.4015299666015197
R050,1554940800,424,121,-303,545,15,-0.5928204645909874,-0.7127148439027292
R050,1554955200,39,21,-18,60,15,-0.17574412785563157,-1.2495780549470017
R050,1554969600,192,980,788,1172,15,1.003777020946813,-0.018666940140339636
R050,1554984000,756,2083,1327,2839,15,1.7925634963866615,1.8265927976138923
R050,1554998400,815,873,58,1688,15,-0.06452377139287004,0.552511239032536
R050,1555012800,1826,609,-1217,2435,15,-1.9303915936299876,1.379391277486292
R050,1555027200,457,143,-314,600,15,-0.6089181477632292,-0.6518334488358529
R050,1555041600,42,23,-19,65,15,-0.17720755359856263,-1.244043382668195
R050,1555056000,156,915,759,1071,15,0.961337674401812,-0.1304673201722397
R050,1555059846,222,492,270,714,15,0.2457224861085174,-0.5256429208790548
R050,1555070400,552,2060,1508,2612,15,2.0574435558571857,1.5753186761560574
R050,1555084800,846,889,43,1735,15,-0.08647515753683611,0.6045371584533211
R050,1555099200,1745,609,-1136,2354,15,-1.8118541084525708,1.2897295865696197
R050,1555113600,362,209,-153,571,15,-0.37330660315132635,-0.6839345480529331
R050,1555128000,62,29,-33,91,15,-0.19769551399959764,-1.2152630868183987
R050,1555142400,98,230,132,328,15,0.04376973358402935,-0.9529196208029501
R050,1555156800,390,528,138,918,15,0.05255028804161579,-0.2998282919037319
R050,1555171200,624,888,264,1512,15,0.23694193165093097,0.3576907748185319
R050,1555185600,753,523,-230,1276,15,-0.48599038535701905,0.0964542432588446
R050,1555200000,310,156,-154,466,15,-0.3747700288942575,-0.8001626659078788
R050,1555214400,62,34,-28,96,15,-0.19037838528494228,-1.209728414539592
R050,1555228800,71,155,84,226,15,-0.026474702076662138,-1.0658269352906116
R050,1555243200,278,411,133,689,15,0.045233159326960426,-0.5533162822730895
R050,1555257600,502,563,61,1065,15,-0.06013349416407681,-0.13710892690680804
R050,1555272000,440,365,-75,805,15,-0.2591593952027027,-0.4249118854047686
R050,1555286400,210,119,-91,329,15,-0.28257420708959985,-0.9518126863471887
R050,1555300800,30,31,1,61,15,-0.1479390387399412,-1.2484711204912404
R050,1555315200,166,920,754,1086,15,0.9540205456871566,-0.1138633033358189
R050,1555329600,711,2035,1324,2746,15,1.7881732191578683,1.7236478932280832
R050,1555344000,731,769,38,1500,15,-0.09379228625149148,0.34440756134939526
R050,1555358400,1835,612,-1223,2447,15,-1.939172148087574,1.3926744909554285
R050,1555372800,372,92,-280,464,16,-0.6423195412768852,-0.7539467720978442
R050,1555387200,50,26,-24,76,16,-0.21540356749873912,-1.1970641882664332
R050,1555401600,194,994,800,1188,16,1.1587322230996688,0.07290119003117242
R050,1555416000,776,2001,1225,2777,16,1.867479445192294,1.887626896969028
R050,1555430400,859,853,-6,1712,16,-0.18538603809246318,0.6713381128980298
R050,1555444800,1887,602,-1285,2489,16,-2.318298266460623,1.5587150004315187
R050,1555459200,457,269,-188,726,16,-0.488896613200364,-0.45472831066441555
R050,1555473600,42,21,-21,63,16,-0.21040064593102645,-1.2119109058184736
R050,1555488000,187,988,801,1175,16,1.1603998636222397,0.05805447247913206
R050,1555502400,805,2224,1419,3029,16,2.191001706571045,2.1754248064393487
R050,1555516800,871,947,76,1818,16,-0.04863951524165077,0.7923959637069742
R050,1555531200,1862,726,-1136,2588,16,-2.0698198285975615,1.6717784648662875
R050,1555545600,467,289,-178,756,16,-0.47222020797465514,-0.42046665477509165
R050,1555560000,58,19,-39,77,16,-0.24041817533730236,-1.1959221330701224
R050,1555574400,169,873,704,1042,16,0.998638732932864,-0.09383886863020387
R050,1555588800,818,1955,1137,2773,16,1.7207270792060563,1.8830586761837849
R050,1555603200,862,783,-79,1645,16,-0.3071237962401377,0.5948204147452064
R050,1555617600,1641,583,-1058,2224,16,-1.9397438678370325,1.2560703734091576
R050,1555632000,447,199,-248,646,16,-0.588955044554617,-0.5460927263692793
R050,1555646400,66,32,-34,98,16,-0.23207997272444794,-1.1719389739475956
R050,1555660800,132,612,480,744,16,0.625087255876986,-0.4341713171308212
R050,1555675200,577,1305,728,1882,16,1.038662105474565,0.8654874962708652
R050,1555689600,727,791,64,1518,16,-0.06865120151250137,0.44977940481373524
R050,1555704000,906,449,-457,1355,16,-0.9374919137719314,0.2636244078150754
R050,1555718400,329,192,-137,521,16,-0.4038469465492489,-0.6888496259081288
R050,1555732800,52,24,-28,76,16,-0.22207412958902265,-1.1970641882664332
R050,1555747200,36,251,215,287,16,0.183162517395702,-0.9560905418448552
R050,1555761600,211,591,380,802,16,0.4583232036198977,-0.367932115744795
R050,1555776000,429,660,231,1089,16,0.20984476575683614,-0.040162274403596425
R050,1555790400,453,456,3,909,16,-0.17037727338932523,-0.2457322097395398
R050,1555804800,253,148,-105,401,16,-0.3504824498269807,-0.8258962494654244
R050,1555819200,47,35,-12,82,16,-0.1953918812278885,-1.1902118570885685
R050,1555833600,22,128,106,150,16,0.0013897004354757282,-1.1125521037394344
R050,1555848000,140,447,307,587,16,0.33658544547222324,-0.6134739829516163
R050,1555862400,390,659,269,1049,16,0.27321510561452966,-0.08584448225602828
R050,1555876800,340,460,120,800,16,0.024736667751468093,-0.3702162261374166
R050,1555891200,195,132,-63,327,16,-0.28044154787900355,-0.9104083339924233
R050,1555905600,25,25,0,50,16,-0.17538019495703788,-1.226757623370514
R050,1555920000,147,773,626,920,16,0.868562772172335,-0.23316960258012104
R050,1555934400,656,1875,1219,2531,16,1.8574736020568687,1.606681318676572
R050,1555948800,721,778,57,1499,16,-0.08032468517049755,0.4280803560838301
R050,1555963200,1721,549,-1172,2270,16,-2.1298548874101133,1.308604912439454
R050,1555977600,298,114,-184,412,17,-0.4161909244911849,-0.8139425363034086
R050,1555992000,31,21,-10,52,17,-0.1371264895722401,-1.2156401943282655
R050,1556006400,186,899,713,1085,17,1.02243435207372,-0.06299108116249574
R050,1556020800,752,1897,1145,2649,17,1.7152839835966174,1.6821620775899377
R050,1556035200,756,859,103,1615,17,0.04410501126592518,0.5283971375963212
R050,1556049600,1753,646,-1107,2399,17,-1.8965154844347827,1.4032053706282317
R050,1556064000,382,144,-238,526,17,-0.502797128431547,-0.6867382779288707
R050,1556078400,38,17,-21,55,17,-0.15476849407861018,-1.212292713844725
R050,1556092800,171,858,687,1029,17,0.9807350686950271,-0.12547738352191792
R050,1556107200,778,1977,1199,2755,17,1.8018901875369797,1.8004397213417012
R050,1556121600,779,880,101,1659,17,0.0408973740829488,0.5774935180215816
R050,1556136000,1828,606,-1222,2434,17,-2.0809546224559243,1.4422593096028706
R050,1556150400,402,176,-226,578,17,-0.4835513053336888,-0.6287152828808358
R050,1556164800,49,26,-23,75,17,-0.15797613126158655,-1.1899761772877886
R050,1556179200,176,919,743,1095,17,1.0705489098183658,-0.0518328128840275
R050,1556193600,713,1952,1239,2665,17,1.8660429311965072,1.700015306835487
R050,1556208000,795,830,35,1625,17,-0.06495465295527163,0.5395554058747895
R050,1556222400,1874,719,-1155,2593,17,-1.9734987768262158,1.6196757752305155
R050,1556236800,382,176,-206,558,17,-0.45147493350392504,-0.6510318194377722
R050,1556251200,63,20,-43,83,17,-0.19005250309135033,-1.181049562665014
R050,1556265600,165,816,651,981,17,0.9229975994014524,-0.1790370712585655
R050,1556280000,683,1763,1080,2446,17,1.6110357751498852,1.4556492315370324
R050,1556294400,901,789,-112,1690,17,-0.3007159859040353,0.612084149684833
R050,1556308800,1634,568,-1066,2202,17,-1.830758922183767,1.1833874855424071
R050,1556323200,343,157,-186,500,17,-0.41939856167416123,-0.7157497754528881
R050,1556337600,54,26,-28,80,17,-0.1659952242190275,-1.1843970431485544
R050,1556352000,59,163,104,222,17,0.04570882985741337,-1.0259496335943052
R050,1556366400,321,534,213,855,17,0.2205250563296259,-0.3196312515672654
R050,1556380800,523,684,161,1207,17,0.1371264895722401,0.07313979183481684
R050,1556395200,544,389,-155,933,17,-0.36968018533802743,-0.23259675899521307
R050,1556409600,285,140,-145,425,17,-0.35364199942314556,-0.7994367875413999
R050,1556424000,53,29,-24,82,17,-0.15957994985307475,-1.1821653894928608
R050,1556438400,32,174,142,206,17,0.10665393633396453,-1.0438028628398546
R050,1556452800,239,494,255,733,17,0.28788543717212983,-0.455762124564578
R050,1556467200,348,514,166,862,17,0.14514558252968104,-0.31182046377233763
R050,1556481600,381,327,-54,708,17,-0.2076945075977204,-0.4836577952607486
R050,1556496000,173,103,-70,276,17,-0.2333556050615314,-0.9656949848905768
R050,1556510400,15,15,0,30,17,-0.12108830365735822,-1.2401883845408956
R050,1556524800,185,943,758,1128,17,1.0946061886906886,-0.015010527565082294
R050,1556539200,697,1855,1158,2552,17,1.7361336252859638,1.5739268752887958
R050,1556553600,734,772,38,1506,17,-0.060143197180807066,0.40677201336101737
R050,1556568000,1810,565,-1245,2375,17,-2.1178424500601527,1.376425526759908
R050,1556582400,398,134,-264,532,18,-0.5756676401792918,-0.7398084829471625
R050,1556596800,34,25,-9,59,18,-0.19350682530789684,-1.2597446389675513
R050,1556611200,179,1017,838,1196,18,1.075866548010031,-0.009919249125728868
R050,1556625600,743,2268,1525,3011,18,2.1054527433694363,1.9851846053711117
R050,1556640000,837,784,-53,1621,18,-0.2594482992464905,0.45725382975094175
R050,1556654400,1673,685,-988,2358,18,-1.6607046204416056,1.26738691006178
R050,1556668800,476,143,-333,619,18,-0.6790758606739046,-0.6441754056241735
R050,1556683200,71,28,-43,99,18,-0.24446160062408284,-1.215775408014453
R050,1556697600,168,1029,861,1197,18,1.1103359548415686,-0.008820018351901408
R050,1556712000,715,2108,1393,2823,18,1.9076283215536554,1.778529219891549
R050,1556726400,844,869,25,1713,18,-0.14255204999171084,0.5583830609430681
R050,1556740800,1902,690,-1212,2592,18,-1.996406669583537,1.5246069111374057
R050,1556755200,426,153,-273,579,18,-0.5891556689394587,-0.6881446365772719
R050,1556769600,107,35,-72,142,18,-0.28792302662906505,-1.1685084847398721
R050,1556784000,185,1011,826,1196,18,1.0578825096631417,-0.009919249125728868
R050,1556798400,779,2076,1297,2855,18,1.7637560147785418,1.8137046046540277
R050,1556812800,766,889,123,1655,18,0.004317596507884106,0.49462767606107544
R050,1556827200,1675,634,-1041,2309,18,-1.7401341231403662,1.2135246021442345
R050,1556841600,476,244,-232,720,18,-0.5277102045875873,-0.5331530974676
R050,1556856000,90,50,-40,140,18,-0.23996559103736056,-1.170706946287527
R050,1556870400,150,923,773,1073,18,0.9784530069643813,-0.1451246343065065
R050,1556884800,661,1991,1330,2652,18,1.8132121202324871,1.5905607575670533
R050,1556899200,857,868,11,1725,18,-0.16353342806308155,0.5715738302289977
R050,1556913600,1733,594,-1139,2327,18,-1.887003769639961,1.2333107560731287
R050,1556928000,397,334,-63,731,18,-0.27443499786889813,-0.5210615589554979
R050,1556942400,83,73,-10,156,18,-0.1950054951701376,-1.1531192539062876
R050,1556956800,61,323,262,384,18,0.21263270735935041,-0.9024946374736267
R050,1556971200,319,646,327,965,18,0.3100462484050001,-0.2638415578798722
R050,1556985600,508,616,108,1124,18,-0.018162451425727366,-0.08906386484130602
R050,1557000000,520,484,-36,1004,18,-0.2339709115883975,-0.22097155770060126
R050,1557014400,319,208,-111,527,18,-0.34637115125645485,-0.7453046368162999
R050,1557028800,82,84,2,166,18,-0.17702145682324844,-1.142126946168013
R050,1557043200,40,156,116,196,18,-0.006173092527801248,-1.1091500229531892
R050,1557057600,223,488,265,711,18,0.2171287169460727,-0.5430461744320472
R050,1557072000,361,553,192,914,18,0.10772581700249688,-0.3199023273450727
R050,1557086400,367,327,-40,694,18,-0.23996559103736056,-0.561733097587114
R050,1557100800,204,120,-84,324,18,-0.3059070649759542,-0.9684484839032743
R050,1557115200,48,29,-19,77,18,-0.2084935239303045,-1.239958485038657
R050,1557129600,189,644,455,833,18,0.5018759907718181,-0.408940020025097
R050,1557144000,678,2088,1410,2766,18,1.9331057092117483,1.7158730657833838
R050,1557158400,749,799,50,1548,18,-0.10508530343569172,0.3770099832615372
R050,1557172800,1690,608,-1082,2298,18,-1.8015795874922376,1.2014330636321324
R050,1557187200,507,167,-340,674,19,-0.7258585195141009,-0.6010509069377742
R050,1557201600,99,65,-34,164,19,-0.257760085433353,-1.185379433539105
R050,1557216000,179,911,732,1090,19,0.9140157332132249,-0.12442214798453173
R050,1557230400,643,2142,1499,2785,19,2.0873212853045113,1.8176108963081268
R050,1557244800,703,880,177,1583,19,0.06501367140010386,0.4404287610634215
R050,1557259200,1412,670,-742,2082,19,-1.340811364286848,1.012154123365508
R050,1557273600,775,169,-606,944,19,-1.1327676158065156,-0.2917005105017755
R050,1557288000,79,54,-25,133,19,-0.24399248443097804,-1.220897442018794
R050,1557302400,220,1000,780,1220,19,0.9874429385592246,0.024524339188356538
R050,1557316800,800,2165,1365,2965,19,1.8823370037135956,2.023844493932126
R050,1557331200,811,852,41,1663,19,-0.14303007708022852,0.5320881377851988
R050,1557345600,1477,579,-898,2056,19,-1.5794497816613469,0.9823648259309303
R050,1557360000,690,326,-364,1016,19,-0.7625721221871007,-0.20920707145217582
R050,1557374400,80,58,-22,138,19,-0.23940328409685308,-1.2151687309736827
R050,1557388800,193,982,789,1175,19,1.0012105395615996,-0.02703406021764325
R050,1557403200,759,2200,1441,2959,19,1.9985967455114284,2.0169700406779927
R050,1557417600,812,947,135,1759,19,0.0007648667223541631,0.6420793898513317
R050,1557432000,1478,611,-867,2089,19,-1.532028044875389,1.0201743188286634
R050,1557446400,597,274,-323,871,19,-0.6998530509540593,-0.37533969176039733
R050,1557460800,87,52,-35,139,19,-0.2592898188780613,-1.2140229887646605
R050,1557475200,165,894,729,1059,19,0.9094265328791,-0.15994015646422047
R050,1557489600,686,2028,1342,2714,19,1.847153134485304,1.7362631994675495
R050,1557504000,875,1026,151,1901,19,0.025240601837687383,0.8047747835324867
R050,1557518400,1364,577,-787,1941,19,-1.4096493692987226,0.8506044718933753
R050,1557532800,393,236,-157,629,19,-0.44591729913247713,-0.652609306343774
R050,1557547200,110,85,-25,195,19,-0.24399248443097804,-1.1498614250594164
R050,1557561600,64,272,208,336,19,0.11243540818606199,-0.9883117735872837
R050,1557576000,247,724,477,971,19,0.5239337048126017,-0.2607654708581756
R050,1557590400,458,832,374,1290,19,0.36637116000764414,0.10472629381991176
R050,1557604800,572,501,-71,1073,19,-0.31436022288756105,-0.14389976553790942
R050,1557619200,554,203,-351,757,19,-0.7426855874058924,-0.5059543035889301
R050,1557633600,84,69,-15,153,19,-0.22869514998389479,-1.1979825978383494
R050,1557648000,34,169,135,203,19,0.0007648667223541631,-1.1406954873872386
R050,1557662400,191,333,142,524,19,0.011473000835312447,-0.7729122382911068
R050,1557676800,243,312,69,555,19,-0.10019754062839538,-0.7373942298114181
R050,1557691200,276,176,-100,452,19,-0.3587224927841025,-0.8554056773407065
R050,1557705600,145,107,-38,252,19,-0.26387901921218626,-1.08455411914515
R050,1557720000,14,20,6,34,19,-0.19657074764501994,-1.3343259207119933
R050,1557734400,182,973,791,1155,19,1.0042700064510162,-0.0499489043980876
R050,1557748800,698,2077,1379,2775,19,1.903753271939512,1.8061534742179046
R050,1557763200,772,782,10,1554,19,-0.19045181386618662,0.40720223700177716
R050,1557777600,1818,495,-1323,2313,19,-2.2295864956623856,1.2768205736496403
R050,1557792000,365,107,-258,472,20,-0.571319113286094,-0.667810676512251
R050,1557806400,30,13,-17,43,20,-0.1720979541376768,-1.1434513409758436
R050,1557820800,194,575,381,769,20,0.48719674022360937,-0.3385209857297638
R050,1557835200,727,1544,817,2271,20,1.2094391692224054,1.3267756996416025
R050,1557849600,820,849,29,1669,20,-0.09589806483963871,0.659326562095955
R050,1557864000,1823,618,-1205,2441,20,-2.140042921226139,1.515258014230905
R050,1557878400,403,135,-268,538,20,-0.5878843066117544,-0.5946351896716983
R050,1557892800,62,16,-46,78,20,-0.22013701478209216,-1.104646158560399
R050,1557907200,191,561,370,752,20,0.4689750275653829,-0.357369217188694
R050,1557909335,130,275,145,405,20,0.09625817773802262,-0.7420948828503878
R050,1557909412,5,24,19,29,20,-0.11246325816529917,-1.1589734139420214
R050,1557921600,587,2080,1493,2667,20,2.3292462380370527,1.7658286206849187
R050,1557936000,850,929,79,1779,20,-0.013072098211336416,0.7812857068302095
R050,1557950400,1805,661,-1144,2466,20,-2.0389952419396105,1.542976001670508
R050,1557964800,405,191,-214,596,20,-0.4984322626531879,-0.5303294588118186
R050,1557979200,74,21,-53,95,20,-0.23173265011005448,-1.0857979271014686
R050,1557993600,184,957,773,1141,20,1.1365523185894995,0.07392266737153332
R050,1558008000,731,2094,1363,2825,20,2.1138987248034664,1.9410063013032115
R050,1558022400,865,915,50,1780,20,-0.061111158855751746,0.7823944263277937
R050,1558036800,1751,652,-1099,2403,20,-1.9644518719741384,1.4731266733227077
R050,1558051200,460,155,-305,615,20,-0.649175521916698,-0.5092637883577201
R050,1558065600,58,24,-34,82,20,-0.2002587827912996,-1.1002112805700623
R050,1558080000,167,934,767,1101,20,1.1266132025941031,0.029573887468168032
R050,1558094400,724,1990,1266,2714,20,1.9532163495445602,1.817938437071373
R050,1558108800,862,1008,146,1870,20,0.09791469707058865,0.8821791811103655
R050,1558123200,1564,626,-938,2190,20,-1.6977522594310048,1.2369694203372876
R050,1558137600,370,259,-111,629,20,-0.32781077139888515,-0.49374171539154227
R050,1558152000,83,28,-55,111,20,-0.23504568877518656,-1.0680584151401227
R050,1558166400,64,304,240,368,20,0.253627514331797,-0.7831175042610007
R050,1558180800,290,750,460,1040,20,0.618061767496327,-0.03805800188446402
R050,1558195200,514,708,194,1222,20,0.17742762503375886,0.163728946675848
R050,1558209600,546,398,-148,944,20,-0.38910198670382884,-0.1444950736525407
R050,1558224000,283,167,-116,450,20,-0.33609336806171536,-0.6922025054591019
R050,1558238400,62,36,-26,98,20,-0.18700662813077124,-1.0824717686087164
R050,1558252800,31,190,159,221,20,0.11944944839394725,-0.946099270405868
R050,1558267200,253,569,316,822,20,0.37952298360681647,-0.2797588523578048
R050,1558281600,386,518,132,904,20,0.07472342641466402,-0.18884385355590597
R050,1558296000,406,356,-50,762,20,-0.22676309211235635,-0.3462820222128527
R050,1558310400,234,121,-113,355,20,-0.3311238100640172,-0.7975308577295944
R050,1558324800,20,21,1,41,20,-0.142280606151488,-1.145668779971012
R050,1558339200,169,947,778,1116,20,1.1448349152523296,0.04620467993193001
R050,1558353600,689,1997,1308,2686,20,2.0227901615123343,1.786894291139017
R050,1558353654,0,0,0,0,20,-0.14393712548405405,-1.1911262793719612
R050,1558353738,5,3,-2,8,20,-0.14725016414918612,-1.1822565233912883
R050,1558368000,778,817,39,1595,20,-0.07933287151397825,0.5772813192747293
R050,1558382400,1691,565,-1126,2256,20,-2.0091778939534217,1.3101449071778404
R050,1558396800,395,165,-230,560,21,-0.5952065563246304,-0.5461954841446031
R050,1558411200,32,35,3,67,21,-0.18536337027109584,-1.1190616423199728
R050,1558425600,171,845,674,1016,21,0.9949146462178383,-0.01632333784040703
R050,1558440000,742,2029,1287,2771,21,2.073171612101172,2.022987225238242
R050,1558454400,840,857,17,1697,21,-0.16073759943526114,0.7749988806533593
R050,1558468800,1809,579,-1230,2388,21,-2.35419018745568,1.5779411023555512
R050,1558483200,451,163,-288,614,21,-0.6972276069302313,-0.4834474668191061
R050,1558497600,51,20,-31,71,21,-0.24516881372955152,-1.1144136410366028
R050,1558512000,193,972,779,1165,21,1.1796079274865985,0.1568147099651307
R050,1558526400,806,2037,1231,2843,21,1.9746685287578332,2.1066512483389044
R050,1558540800,866,1073,207,1939,21,0.17346929047963827,1.0562029582972527
R050,1558555200,1787,661,-1126,2448,21,-2.1712558898180507,1.6476611216061032
R050,1558569600,437,153,-284,590,21,-0.6901916724057071,-0.5113354745193269
R050,1558584000,41,30,-11,71,21,-0.20998914110693054,-1.1144136410366028
R050,1558598400,149,911,762,1060,21,1.1497052057573707,0.03480467627666452
R050,1558612800,724,2101,1377,2825,21,2.2314801389029664,2.085735242563739
R050,1558627200,820,859,39,1679,21,-0.12203995955037805,0.7540828748781937
R050,1558641600,1682,575,-1107,2257,21,-2.1378352008265606,1.425719060325179
R050,1558656000,339,166,-173,505,21,-0.4949444893501606,-0.6101055017909425
R050,1558670400,53,19,-34,72,21,-0.25044576462294466,-1.1132516407157602
R050,1558684800,163,818,655,981,21,0.9614939572263485,-0.056993349069895755
R050,1558699200,621,1890,1269,2511,21,2.041509906740813,1.720867141819183
R050,1558713600,1128,872,-256,2000,21,-0.6409401307340377,1.1270849778686476
R050,1558728000,1112,529,-583,1641,21,-1.2161277781138908,0.7099268626861774
R050,1558742400,320,152,-168,472,21,-0.48614957119450536,-0.6484515123787461
R050,1558756800,43,28,-15,71,21,-0.21702507563145473,-1.1144136410366028
R050,1558771200,60,263,203,323,21,0.16643335595511408,-0.8215895601842839
R050,1558785600,252,596,344,848,21,0.41445004794459206,-0.2115393917419529
R050,1558800000,426,627,201,1053,21,0.16291538869285196,0.02667067403076677
R050,1558814400,472,363,-109,835,21,-0.38236953695777337,-0.2266453959129059
R050,1558828800,241,154,-87,395,21,-0.3436718970728903,-0.7379255370836213
R050,1558843200,43,25,-18,68,21,-0.22230202652484787,-1.1178996419991303
R050,1558857600,38,150,112,188,21,0.0063658455221885625,-0.9784596034980261
R050,1558872000,201,450,249,651,21,0.24734660298714234,-0.4404534549479323
R050,1558886400,384,577,193,961,21,0.14884351964380357,-0.08023335548674645
R050,1558900800,351,264,-87,615,21,-0.3436718970728903,-0.4822854664982636
R050,1558915200,192,125,-67,317,21,-0.3084922244502693,-0.8285615621093391
R050,1558929600,32,18,-14,50,21,-0.21526609200032368,-1.138815647774296
R050,1558944000,39,212,173,251,21,0.11366384702118258,-0.9052535832849463
R050,1558958400,164,533,369,697,21,0.45842463872286826,-0.3870014401891757
R050,1558972800,342,611,269,953,21,0.28252627560976334,-0.08952935805348673
R050,1558987200,343,400,57,743,21,-0.09037825419001916,-0.3335494254304191
R050,1559001600,176,95,-81,271,22,-0.2878062497803689,-1.0053268218206588
R050,1559016000,30,25,-5,55,22,-0.1649062431851933,-1.2473030211137794
R050,1559030400,174,951,777,1125,22,1.099670140465166,-0.04862462646730153
R050,1559044800,689,1902,1213,2591,22,1.8047280730374893,1.5936768002165647
R050,1559059200,785,803,18,1588,22,-0.12771282013665333,0.47005583775823057
R050,1559073600,1660,564,-1096,2224,22,-1.9291681799659375,1.1825413134546419
R050,1559088000,440,203,-237,643,22,-0.5400746843704661,-0.5885900341491729
R050,1559102400,40,30,-10,70,22,-0.17299176993487592,-1.2304991183850906
R050,1559116800,196,1050,854,1246,22,1.2241872524102781,0.08692685554412262
R050,1559131200,749,2046,1297,2795,22,1.940564922432157,1.8222098773267343
R050,1559145600,825,920,95,1745,22,-0.003195708191541229,0.6459366863185082
R050,1559160000,1748,559,-1189,2307,22,-2.079558977510034,1.2755229085533872
R050,1559174400,425,93,-332,518,22,-0.6936996926144356,-0.7286225568882475
R050,1559188800,62,32,-30,94,22,-0.20533387693360636,-1.2036128740191883
R050,1559203200,191,975,784,1166,22,1.1109898779147216,-0.0026939590088850772
R050,1559217600,745,2051,1306,2796,22,1.9551188705815858,1.8233301375086468
R050,1559232000,788,947,159,1735,22,0.1002990342043961,0.6347340844993822
R050,1559246400,1758,595,-1163,2353,22,-2.0375142384116844,1.3270548769213668
R050,1559260800,437,127,-310,564,22,-0.6581233749158322,-0.677090588520268
R050,1559275200,50,32,-18,82,22,-0.1859286127343681,-1.2170559962021394
R050,1559289600,177,556,379,733,22,0.4560622111904307,-0.4877666177770393
R050,1559304000,733,1911,1178,2644,22,1.748129385789711,1.6530505898579322
R050,1559318400,917,855,-62,1772,22,-0.257081248131575,0.6761837112301483
R050,1559332800,1515,576,-939,2091,22,-1.6752826400259038,1.0335467092602666
R050,1559347200,378,290,-88,668,22,-0.29912598722992456,-0.560583529601358
R050,1559361600,74,52,-22,126,22,-0.1923970341341142,-1.1677645481979853
R050,1559376000,67,298,231,365,22,0.21673061939982563,-0.9000223647208747
R050,1559390400,313,685,372,998,22,0.44474247374087506,-0.19089766957020124
R050,1559404800,504,633,129,1137,22,0.05178587370630048,-0.03518150428435037
R050,1559419200,489,386,-103,875,22,-0.32338256747897237,-0.3286896719454506
R050,1559433600,276,259,-17,535,22,-0.18431150738443158,-0.7095781337957333
R050,1559448000,57,56,-1,113,22,-0.15843782178544724,-1.182327930562849
R050,1559462400,40,171,131,211,22,0.05502008440617352,-1.0725424327354145
R050,1559476800,216,486,270,702,22,0.2797977280473499,-0.5224946834163298
R050,1559491200,377,617,240,994,22,0.2312845675492543,-0.19537871029785164
R050,1559505600,427,257,-170,684,22,-0.4317286259247193,-0.5426593666907565
R050,1559520000,204,222,18,426,22,-0.12771282013665333,-0.8316864936242063
R050,1559534400,31,28,-3,59,22,-0.16167203248532028,-1.2428219803861291
R050,1559548800,317,897,580,1214,22,0.7811003865276714,0.05107852972291954
R050,1559563200,987,1915,928,2902,22,1.3438530483055806,1.942077716791382
R050,1559577600,695,841,146,1536,22,0.07927666465522133,0.41180230829877557
R050,1559592000,1738,582,-1156,2320,22,-2.026194500962129,1.290086290918251
R050,1559606400,347,132,-215,479,23,-0.5015728862765715,-0.772545494294035
R050,1559620800,40,30,-10,70,23,-0.17898679314013652,-1.2420906148410764
R050,1559635200,188,900,712,1088,23,0.9571456909794052,-0.07339395783156975
R050,1559649600,731,2029,1298,2760,23,1.8792698401401413,1.8461156792213724
R050,1559664000,736,733,-3,1469,23,-0.16797165825255095,0.3640062644873124
R050,1559678400,1771,623,-1148,2394,23,-1.9697330077219073,1.425935938096147
R050,1559692800,429,126,-303,555,23,-0.6400488677205046,-0.6852950562461739
R050,1559707200,41,21,-20,62,23,-0.19472270012240164,-1.2512748714776933
R050,1559721600,199,829,630,1028,23,0.8281112537248311,-0.14227588260619686
R050,1559726022,309,715,406,1024,23,0.4756269373220925,-0.14686801092450533
R050,1559736000,601,1937,1336,2538,23,1.9390662866727486,1.591252557555252
R050,1559750400,840,907,67,1747,23,-0.0578203093766951,0.6831591826097513
R050,1559764800,1773,610,-1163,2383,23,-1.993336868195305,1.4133075852207986
R050,1559779200,398,151,-247,549,23,-0.55192778861982,-0.6921832487236366
R050,1559793600,41,27,-14,68,23,-0.1852811559330426,-1.2443866790002307
R050,1559808000,199,959,760,1158,23,1.0326780444942778,0.006968287738828538
R050,1559822400,748,2037,1289,2785,23,1.8651075238561026,1.8748164812108004
R050,1559836800,888,863,-25,1751,23,-0.2025906536135342,0.6877513109280597
R050,1559851200,1772,626,-1146,2398,23,-1.9665858263254543,1.4305280664144555
R050,1559865600,409,173,-236,582,23,-0.5346182909393282,-0.6542981900975917
R050,1559880000,50,29,-21,79,23,-0.19629629082062816,-1.2317583261248823
R050,1559894400,169,935,766,1104,23,1.0421195886836367,-0.05502544455833586
R050,1559908800,668,1881,1213,2549,23,1.7455146307908878,1.6038809104306004
R050,1559923200,927,876,-51,1803,23,-0.24350401176742353,0.74744897906607
R050,1559937600,1471,661,-810,2132,23,-1.4378593517213463,1.125151533246942
R050,1559952000,376,140,-236,516,23,-0.5346182909393282,-0.7300683073496815
R050,1559966400,66,40,-26,106,23,-0.20416424431176072,-1.2007614599763001
R050,1559980800,66,298,232,364,23,0.2018221558306794,-0.9045691834454035
R050,1559995200,282,650,368,932,23,0.41583049078948503,-0.25248696224560024
R050,1560009600,482,563,81,1045,23,-0.03579003960152393,-0.12275933725338585
R050,1560024000,514,397,-117,911,23,-0.34736099785037333,-0.2765956359167197
R050,1560038400,254,139,-115,393,23,-0.3442138164539203,-0.8712762531376671
R050,1560052800,57,32,-25,89,23,-0.2025906536135342,-1.2202780053291111
R050,1560067200,40,159,119,199,23,0.02400640693108353,-1.093994476575628
R050,1560081600,225,593,368,818,23,0.41583049078948503,-0.38336261931739174
R050,1560096000,452,608,156,1060,23,0.08222926276546448,-0.10553885605972907
R050,1560110400,454,315,-139,769,23,-0.3819799932113566,-0.43961619121667056
R050,1560124800,208,101,-107,309,23,-0.3316250908681082,-0.9677109478221451
R050,1560139200,32,32,0,64,23,-0.16325088615787142,-1.248978807318539
R050,1560153600,169,890,721,1059,23,0.9713080072634437,-0.10668688813930619
R050,1560168000,655,1929,1274,2584,23,1.8415036633827049,1.6440620332157996
R050,1560182400,709,759,50,1468,23,-0.0845713512465458,0.3628582324077353
R050,1560196800,1750,542,-1208,2292,23,-2.064148449615498,1.308836665979281
R050,1560211200,385,154,-231,539,24,-0.45646194783576216,-0.9893353417789881
R050,1560225600,39,29,-10,68,24,-0.1747779255762063,-1.4881732339003886
R050,1560240000,190,962,772,1152,24,0.8219501531883759,-0.34010470935771714
R050,1560254400,722,2130,1408,2852,24,1.632588334894609,1.4603717590210112
R050,1560268800,820,898,78,1718,24,-0.06261415200679041,0.25934804423190655
R050,1560283200,1841,704,-1137,2545,24,-1.6112389802663394,1.1352268909079115
R050,1560297600,500,319,-181,819,24,-0.39273253103495764,-0.6927862763989622
R050,1560312000,61,31,-30,92,24,-0.2002696922965281,-1.4627547425821008
R050,1560326400,204,994,790,1198,24,0.8448927432366655,-0.29138593433099863
R050,1560340800,743,2139,1396,2882,24,1.6172932748624158,1.4921448731688711
R050,1560355200,819,886,67,1705,24,-0.07663462370296739,0.2455796947678339
R050,1560369600,1773,595,-1178,2368,24,-1.6634971020429992,0.9477655174355379
R050,1560384000,597,178,-419,775,24,-0.696084555006787,-0.7393868438158234
R050,1560398400,61,36,-25,97,24,-0.19389675061644765,-1.4574592235574575
R050,1560412800,178,973,795,1151,24,0.8512656849167459,-0.3411638131626458
R050,1560427200,719,2079,1360,2798,24,1.5714080947658366,1.4031801535548634
R050,1560441600,826,856,30,1682,24,-0.12379439213556272,0.22122030725447464
R050,1560456000,1787,639,-1148,2426,24,-1.6252594519625165,1.0091935381214006
R050,1560470400,477,161,-316,638,24,-0.5648019563971298,-0.8844840650910503
R050,1560484800,57,37,-20,94,24,-0.18752380893636722,-1.4606365349722434
R050,1560499200,188,876,688,1064,24,0.7148847329630243,-0.4333058441914396
R050,1560513600,680,2055,1375,2735,24,1.590526919806078,1.3364566138443577
R050,1560528000,1002,868,-134,1870,24,-0.33282687924220145,0.42033182258106344
R050,1560542400,1483,604,-879,2087,24,-1.2823951895741883,0.6501573482505835
R050,1561161600,7046,7475,429,14521,25,0.7922021367337909,4.021456822761512
R050,1561176000,55,29,-26,84,25,-0.2104459083673909,-0.4485563031928446
R050,1561190400,49,197,148,246,25,0.17298433305591818,-0.3983975356923524
R050,1561204800,235,436,201,671,25,0.28977630314462727,-0.26680817650896244
R050,1561219200,452,470,18,922,25,-0.11348653697299091,-0.18909304908536032
R050,1561233600,491,310,-181,801,25,-0.5520073303249364,-0.22655731369992546
R050,1561248000,262,169,-93,431,25,-0.35808858753613637,-0.3411174616948768
R050,1561262400,55,24,-31,79,25,-0.2214640187531182,-0.4501044133008845
R050,1561276800,39,98,59,137,25,-0.023138031810027274,-0.43214633604762187
R050,1561291200,201,306,105,507,25,0.07822858373866363,-0.3175861880526706
R050,1561305600,339,362,23,701,25,-0.10246842658726364,-0.25751951586072314
R050,1561320000,386,263,-123,649,25,-0.4241972498505,-0.2736198609843379
R050,1561334400,188,92,-96,280,25,-0.36469945376757273,-0.3878703869576812
R050,1561348800,24,23,-1,47,25,-0.15535535643875456,-0.46001231799233977
R050,1561363200,177,864,687,1041,25,1.3607366326373183,-0.15224802851401112
R050,1561377600,719,1978,1259,2697,25,2.6212084607645183,0.360486039268798
R050,1561392000,743,801,58,1544,25,-0.025341653887172726,0.003491848354801084
R050,1561406400,1708,523,-1185,2231,25,-2.7644438957789728,0.21620217719948095
R050,1561420800,330,225,-105,555,26,-0.33340523234996694,-0.6576031270803668
R050,1561435200,32,24,-8,56,26,-0.17487431304630618,-1.2009735078306556
R050,1561449600,168,886,718,1054,26,1.0116560726697525,-0.11423274633007793
R050,1561464000,692,2005,1313,2697,26,1.9840880003571562,1.674860511330693
R050,1561478400,828,835,7,1663,26,-0.15035922243233804,0.5489186802769881
R050,1561492800,1791,599,-1192,2390,26,-2.109932132175526,1.340562501530415
R050,1561507200,390,240,-150,630,26,-0.4069505041918714,-0.5759342321780188
R050,1561521600,30,28,-2,58,26,-0.16506827680071892,-1.1987956706332596
R050,1561536000,202,888,686,1090,26,0.9593572126932872,-0.07503167677695088
R050,1561550400,1186,2124,938,3310,26,1.3712107350079523,2.3423676123325508
R050,1561564800,814,919,105,1733,26,0.009806036245587263,0.6251429821858462
R050,1561579200,1785,667,-1118,2452,26,-1.98899101847995,1.4080754546496894
R050,1561593600,388,146,-242,534,26,-0.5573097266242094,-0.6804704176530243
R050,1561608000,46,21,-25,67,26,-0.20265808240880342,-1.1889954032449779
R050,1561622400,211,888,677,1099,26,0.9446481583249063,-0.06523140938866911
R050,1561636800,802,2046,1244,2848,26,1.8713185835329027,1.8392872197340868
R050,1561651200,812,828,16,1640,26,-0.13565016806395713,0.5238735525069347
R050,1561665600,1740,638,-1102,2378,26,-1.9628415884917172,1.3274954783460393
R050,1561680000,468,166,-302,634,26,-0.6553700890800821,-0.5715785577832269
R050,1561694400,43,35,-8,78,26,-0.17487431304630618,-1.1770172986593002
R050,1561708800,159,848,689,1007,26,0.9642602308160809,-0.1654119204688827
R050,1561723200,660,1845,1185,2505,26,1.7748925604512946,1.4657881403806818
R050,1561737600,942,950,8,1892,26,-0.1487248830580735,0.798281039378824
R050,1561752000,1499,524,-975,2023,26,-1.75528048796012,0.9409293758082586
R050,1561766400,349,170,-179,519,26,-0.4543463460455432,-0.6968041966334939
R050,1561780800,67,28,-39,95,26,-0.22553883364850705,-1.1585056824814348
R050,1561795200,50,283,233,333,26,0.21900147615144888,-0.8993430559913169
R050,1561809600,307,619,312,926,26,0.3481142867183478,-0.25361432696341857
R050,1561824000,399,654,255,1053,26,0.25495694238526884,-0.11532166492877591
R050,1561838400,418,357,-61,775,26,-0.26149429988232703,-0.4180410353668126
R050,1561852800,254,166,-88,420,26,-0.30562146298746967,-0.8046071379045933
R050,1561867200,43,36,-7,79,26,-0.17323997367204164,-1.1759283800606022
R050,1561881600,37,157,120,194,26,0.03432112685955542,-1.0507027412103354
R050,1561896000,224,470,246,694,26,0.24024788801688796,-0.5062434418613485
R050,1561910400,394,485,91,879,26,-0.013074714994116351,-0.3047935011022233
R050,1561924800,321,285,-36,606,26,-0.22063581552571343,-0.6020682785467701
R050,1561939200,225,119,-106,344,26,-0.3350395717242315,-0.8873649514056393
R050,1561953600,24,24,0,48,26,-0.16179959805218985,-1.2096848566202394
R050,1561968000,161,853,692,1014,26,0.9691632489388745,-0.15778949027799688
R050,1561982400,630,1948,1318,2578,26,1.992259697228479,1.545279198085634
R050,1561996800,718,793,75,1511,26,-0.03922414498234905,0.38340305327489604
R050,1562011200,1619,594,-1025,2213,26,-1.8369974566733474,1.1478239095608735
R050,1562025600,501,193,-308,694,27,-0.9216273921289603,-0.1859067356437259
R050,1562040000,33,51,18,84,27,-0.2203169759131036,-1.0604319665176487
R050,1562054400,171,899,728,1070,27,1.3070768753545599,0.3531448820752822
R050,1562068800,574,1850,1276,2424,27,2.4859667774597423,2.2943041650314977
R050,1562083200,731,782,51,1513,27,-0.14932543071333895,0.9882509103984752
R050,1562097600,1587,575,-1012,2162,27,-2.4361136897239395,1.9186884101315504
R050,1562112000,450,155,-295,605,27,-0.893661025838144,-0.31350140047615066
R050,1562126400,50,35,-15,85,27,-0.2913085211128682,-1.058998318598183
R050,1562139228,90,339,249,429,27,0.2766238404852489,-0.5658234343020694
R050,1562140800,83,921,838,1004,27,1.5437153593537754,0.2585241193905627
R050,1562155200,608,1801,1193,2409,27,2.3074122849876066,2.272799446239516
R050,1562169600,1135,905,-230,2040,27,-0.753829194384062,1.743783363956766
R050,1562184000,1128,465,-663,1593,27,-1.6853243177627921,1.102942743955711
R050,1562198400,262,146,-116,408,27,-0.5085856746030569,-0.5959300406108438
R050,1562212800,33,29,-4,62,27,-0.2676446727129467,-1.0919722207458884
R050,1562227200,48,199,151,247,27,0.0658004638314024,-0.8267473556447807
R050,1562230304,20,43,23,63,27,-0.20956068118586652,-1.090538572826423
R050,1562230384,1,4,3,5,27,-0.25258586009481476,-1.1736901521554188
R050,1562241600,209,411,202,620,27,0.17551467004922047,-0.291996681684169
R050,1562256000,274,422,148,696,27,0.059346686995060155,-0.183039439804795
R050,1562270400,369,224,-145,593,27,-0.5709721840210319,-0.33070517550973605
R050,1562284800,183,116,-67,299,27,-0.4031739862761337,-0.7521976638325775
R050,1562299200,22,28,6,50,27,-0.24613208325847255,-1.1091759957794738
R050,1562313600,76,483,407,559,27,0.6165227538659402,-0.37944920477156124
R050,1562315460,20,176,156,196,27,0.07655675855863946,-0.8998633995375185
R050,1562328000,305,892,587,1197,27,1.0037493640464745,0.535218167847394
R050,1562342400,512,781,269,1293,27,0.31964901939419715,0.6728483681160768
R050,1562356800,687,418,-269,1105,27,-0.8377282932565112,0.40332255925657284
R050,1562371200,321,160,-161,481,27,-0.6053923271481906,-0.4912737424898661
R050,1562385600,43,33,-10,76,27,-0.28055222638563115,-1.0719011498733721
R050,1562400000,62,383,321,445,27,0.43151448455746266,-0.5428850675906222
R050,1562414400,213,653,440,866,27,0.6875142990657048,0.060680706504331
R050,1562428800,375,628,253,1003,27,0.2852288762670385,0.25709047147109726
R050,1562443200,458,378,-80,836,27,-0.4311403525669501,0.01767126892036759
R050,1562457600,272,168,-104,440,27,-0.482770567257688,-0.5500533071879494
R050,1562472000,47,29,-18,76,27,-0.29776229794921044,-1.0719011498733721
R050,1562486400,33,279,246,312,27,0.27017006364890667,-0.7335602408795266
R050,1562500800,147,558,411,705,27,0.6251277896477299,-0.17013660852960596
R050,1562515200,315,629,314,944,27,0.41645567193933075,0.17250524422263588
R050,1562529600,368,343,-25,711,27,-0.31282111056734235,-0.1615347210128133
R050,1562544000,225,172,-53,397,27,-0.37305636103986994,-0.6117001677249637
R050,1562558400,20,35,15,55,27,-0.22677075274944583,-1.1020077561821466
R050,1562572800,180,893,713,1073,27,1.2748079911728487,0.35744582583367857
R050,1562587200,648,1786,1138,2434,27,2.189093042987999,2.308640644226152
R050,1562601600,667,726,59,1393,27,-0.13211535914975964,0.8162131600626216
R050,1562616000,1619,518,-1101,2137,27,-2.6275757358687595,1.8828472121449142
R050,1562630400,346,149,-197,495,28,-0.4390458836169737,-0.7984217819268034
R050,1562644800,32,21,-11,53,28,-0.14956019465547823,-1.3141455801066633
R050,1562659200,211,857,646,1068,28,0.872977964740772,-0.1298477177705594
R050,1562673600,728,2035,1307,2763,28,1.9017416228243664,1.8478713725345601
R050,1562688000,732,750,18,1482,28,-0.10442532917223431,0.353205794551753
R050,1562702400,1754,544,-1210,2298,28,-2.015653426186839,1.3053112681145715
R050,1562716800,385,146,-239,531,28,-0.5044136198340856,-0.7564171286813849
R050,1562731200,37,19,-18,56,28,-0.16045481735833023,-1.310645192336212
R050,1562745600,222,846,624,1068,28,0.8387377219603801,-0.1298477177705594
R050,1562760000,725,2025,1300,2750,28,1.8908470001215143,1.83270302552927
R050,1562774400,803,838,35,1641,28,-0.07796695975102236,0.5387263463856845
R050,1562788800,1687,579,-1108,2266,28,-1.8569032096595672,1.2679737985630886
R050,1562803200,385,137,-248,522,28,-0.5184209918806095,-0.7669182919927394
R050,1562817600,43,19,-24,62,28,-0.1697930653893462,-1.3036444167953087
R050,1562832000,169,883,714,1052,28,0.9788114424256199,-0.14851645254630094
R050,1562846400,705,2019,1314,2724,28,1.9126362455272183,1.80236633151869
R050,1562860800,849,824,-25,1673,28,-0.1713494400611822,0.5760638159371676
R050,1562875200,1789,521,-1268,2310,28,-2.105923157153327,1.3193128191963777
R050,1562889600,351,127,-224,478,28,-0.48106799975654563,-0.8182573126260287
R050,1562904000,36,22,-14,58,28,-0.15422931867098622,-1.308311600489244
R050,1562918400,168,847,679,1015,28,0.92433832891136,-0.19168790171520325
R050,1562932800,692,1761,1069,2453,28,1.5313244509273989,1.4861646362545677
R050,1562947200,949,778,-171,1727,28,-0.39858014214923776,0.6390707958052954
R050,1562961600,1470,565,-905,2035,28,-1.54095915127686,0.99844394023832
R050,1562976000,444,324,-120,768,28,-0.31920503388560195,-0.47988649481571327
R050,1562990400,70,67,-3,137,28,-0.13710919728079027,-1.2161347225340202
R050,1563004800,87,442,355,529,28,0.42007293523649686,-0.7587507205283526
R050,1563019200,329,818,489,1147,28,0.6286271412625205,-0.03767083981533553
R050,1563033600,537,752,215,1289,28,0.20218048117945717,0.12801418131937065
R050,1563048000,755,575,-180,1330,28,-0.41258751419576173,0.17585281418220833
R050,1563062400,709,492,-217,1201,28,-0.47017337705369366,0.025336140052792167
R050,1563076800,118,88,-30,206,28,-0.17913131342036218,-1.1356258038136349
R050,1563091200,57,170,113,227,28,0.04343026465218544,-1.1111230894204742
R050,1563105600,213,417,204,630,28,0.1850603597892612,-0.640904332256484
R050,1563120000,408,499,91,907,28,0.009190021871793498,-0.3177018614514586
R050,1563134400,423,329,-94,752,28,-0.278739292417866,-0.4985552295914548
R050,1563148800,178,100,-78,278,28,-0.25383729766849006,-1.051616497322798
R050,1563163200,24,21,-3,45,28,-0.13710919728079027,-1.3234799474945342
R050,1563177600,176,898,722,1074,28,0.9912624398003079,-0.12284694222965631
R050,1563192000,667,1939,1272,2606,28,1.8472685093101064,1.6646844125475961
R050,1563206400,746,771,25,1517,28,-0.09353070646938233,0.3940436518736876
R050,1563220800,1769,538,-1231,2307,28,-2.048337294295395,1.315812431425926
R050,1563235200,355,144,-211,499,29,-0.46925354354545334,-0.6737516745519259
R050,1563249600,29,30,1,59,29,-0.126578766892561,-1.178185128577757
R050,1563264000,223,844,621,1067,29,0.8755833157715582,-0.022573942991307435
R050,1563278400,735,2016,1281,2751,29,1.9424010166720722,1.9080304583257373
R050,1563292800,743,796,53,1539,29,-0.04252646318524777,0.5185455804182205
R050,1563307200,1751,533,-1218,2284,29,-2.0969587326466925,1.3726431332574118
R050,1563321600,437,169,-268,606,29,-0.561387799532316,-0.5510826300501896
R050,1563336000,46,19,-27,65,29,-0.17183769965803736,-1.1713064905683137
R050,1563350400,211,869,658,1080,29,0.9353897626402234,-0.007670227304180608
R050,1563364800,757,1966,1209,2723,29,1.8260209038465616,1.8759301476150025
R050,1563379200,747,775,28,1522,29,-0.08293622458299452,0.49905610605813155
R050,1563393600,1838,635,-1203,2473,29,-2.0727128758080444,1.589320230554871
R050,1563408000,286,97,-189,383,29,-0.43369295351543624,-0.8067386760678268
R050,1563422400,35,24,-11,59,29,-0.14597545236347942,-1.178185128577757
R050,1563436800,177,847,670,1024,29,0.9547864481111418,-0.07187084872565003
R050,1563451200,736,2005,1269,2741,29,1.9230043312011538,1.896566061643332
R050,1563465600,818,685,-133,1503,29,-0.34317508798448354,0.4772737523615616
R050,1563480000,1786,554,-1232,2340,29,-2.1195881990294305,1.4368437546788813
R050,1563494400,370,164,-206,534,29,-0.461171591265904,-0.6336262861635075
R050,1563508800,44,27,-17,71,29,-0.15567379509893864,-1.1644278525588707
R050,1563523200,163,797,634,960,29,0.8965963916983866,-0.14524298749304365
R050,1563537600,608,1709,1101,2317,29,1.6514507346082956,1.4104756423093492
R050,1563552000,879,771,-108,1650,29,-0.30276532658673677,0.6458003835929188
R050,1563566400,1389,629,-760,2018,29,-1.356651903839972,1.067690181505432
R050,1563580800,368,289,-79,657,29,-0.25589000336535056,-0.4926142069699228
R050,1563595200,59,38,-21,97,29,-0.16213935692257814,-1.134620421184617
R050,1563609600,67,282,215,349,29,0.21932879067215116,-0.8457176247880046
R050,1563624000,234,592,358,826,29,0.45047262586726255,-0.29886590303727406
R050,1563638400,352,519,167,871,29,0.1417420487884774,-0.24727611796645038
R050,1563652800,355,347,-8,702,29,-0.14112628099574984,-0.4410244218990992
R050,1563667200,251,156,-95,407,29,-0.2817522506599085,-0.7792241240300541
R050,1563681600,39,38,-1,77,29,-0.12981154780438073,-1.1575492145494275
R050,1563696000,45,152,107,197,29,0.044758621433885204,-1.0199764543605645
R050,1563710400,142,399,257,541,29,0.2872171898203657,-0.6256012084858238
R050,1563724800,271,412,141,683,29,0.09971589693482077,-0.46280677559566913
R050,1563739200,256,314,58,570,29,-0.03444451090569842,-0.5923544581068485
R050,1563753600,188,85,-103,273,29,-0.29468337430718744,-0.9328470395742845
R050,1563768000,21,25,4,46,29,-0.12172959552483138,-1.1930888442648837
R050,1563782400,219,819,600,1038,29,0.8416391161974509,-0.05582069337028267
R050,1563796800,743,1821,1078,2564,29,1.6142737541223686,1.693646240364759
R050,1563811200,698,689,-9,1387,29,-0.1427426714516597,0.3442867508456607
R050,1563825600,1684,404,-1280,2088,29,-2.1971749409131043,1.1479409582822688
R050,1563840000,316,135,-181,451,30,-0.41383726887305294,-0.7827763896551971
R050,1563854400,30,24,-6,54,30,-0.12628726639461288,-1.2437176780119834
R050,1563868800,174,594,420,768,30,0.5736915967814755,-0.4147199956776122
R050,1563883200,714,1868,1154,2582,30,1.7797584643196185,1.6914449843707762
R050,1563897600,688,786,98,1474,30,0.044599592221145797,0.4049891972188388
R050,1563912000,1709,601,-1108,2310,30,-1.9370307105731326,1.3756363434814918
R050,1563926400,382,159,-223,541,30,-0.4828492694678786,-0.6782808834785957
R050,1563940800,53,60,7,113,30,-0.10492640906764304,-1.1752150684073224
R050,1563955200,167,879,712,1046,30,1.053489315202644,-0.09194498770988785
R050,1563969600,752,2000,1248,2752,30,1.9342138942223233,1.8888253849265788
R050,1563984000,839,773,-66,1612,30,-0.22487583867293517,0.565215640022961
R050,1563998400,1805,603,-1202,2408,30,-2.091486140475838,1.4894203390960135
R050,1564012800,407,199,-208,606,30,-0.45820212639829805,-0.6028119067954947
R050,1564027200,37,33,-4,70,30,-0.12300098065200213,-1.225140699136143
R050,1564041600,175,893,718,1068,30,1.0633481724304763,-0.0664016417556075
R050,1564056000,760,2029,1269,2789,30,1.9687198945197362,1.9317846485769594
R050,1564070400,856,841,-15,1697,30,-0.14107555223636123,0.6639058403008623
R050,1564084800,1717,598,-1119,2315,30,-1.9551052821574917,1.381441649380192
R050,1564099200,414,152,-262,566,30,-0.5469318414487881,-0.6492543539850953
R050,1564113600,46,29,-17,75,30,-0.14436183797897195,-1.219335393237443
R050,1564128000,165,880,715,1045,30,1.0584187438165602,-0.09310604888962787
R050,1564142400,668,1749,1081,2417,30,1.6598090347143262,1.4998698897136735
R050,1564156800,871,843,-28,1714,30,-0.16243640956333105,0.6836438803564425
R050,1564171200,1426,563,-863,1989,30,-1.5344607071033165,1.002935704784947
R050,1564185600,379,224,-155,603,30,-0.3711155542191133,-0.6062950903347147
R050,1564200000,74,63,-11,137,30,-0.13450298075113973,-1.1473496000935621
R050,1564214400,130,276,146,406,30,0.12347045004380365,-0.8350241427434979
R050,1564228800,441,589,148,1030,30,0.1267567357864144,-0.1105219665857281
R050,1564243200,559,592,33,1151,30,-0.06220469441370337,0.029966436162813786
R050,1564257600,548,356,-192,904,30,-0.4319118404574121,-0.25681567523297005
R050,1564272000,280,150,-130,430,30,-0.330036982436479,-0.8071586744297374
R050,1564286400,54,43,-11,97,30,-0.13450298075113973,-1.1937920472831627
R050,1564300800,61,139,78,200,30,0.011736734795038364,-1.074202745769941
R050,1564315200,246,456,210,702,30,0.22863159380734743,-0.4913500335404532
R050,1564329600,372,464,92,836,30,0.034740734993313566,-0.33576783545529115
R050,1564344000,340,310,-30,650,30,-0.1657226953059418,-0.551725214886934
R050,1564358400,213,107,-106,320,30,-0.29060155352515005,-0.9348754042011392
R050,1564372800,31,26,-5,57,30,-0.1246441235233075,-1.2402344944727632
R050,1564387200,185,864,679,1049,30,0.9992656004495668,-0.0884618041706678
R050,1564401600,629,1861,1232,2490,30,1.9079236082814375,1.5846273558346946
R050,1564416000,714,748,34,1462,30,-0.060561551542398,0.3910564630619586
R050,1564430400,1714,558,-1156,2272,30,-2.0159015683957904,1.3315160186513713
R050,1564444800,407,182,-225,589,31,-0.4527253102251552,-0.8804107857628143
R050,1564459200,29,33,4,62,31,-0.14836099157103252,-1.4621690856597933
R050,1564473600,185,908,723,1093,31,0.8072632228932217,-0.32404231679113044
R050,1564488000,689,1926,1237,2615,31,1.4904215625797679,1.3561021470479624
R050,1564502400,801,817,16,1618,31,-0.13241176963282522,0.25550817172104023
R050,1564516800,1840,551,-1289,2391,31,-1.8668896554128693,1.1088272719494363
R050,1564531200,435,341,-94,776,31,-0.2786129707330588,-0.6739804212832411
R050,1564545600,46,31,-15,77,31,-0.17361392630652742,-1.4456105002737312
R050,1564560000,166,961,795,1127,31,0.9029585545224655,-0.28650952324938983
R050,1564574400,760,2148,1388,2908,31,1.691115938635543,1.6795465149223738
R050,1564588800,795,787,-8,1582,31,-0.16431021350923983,0.21576756679449138
R050,1564603200,1798,560,-1238,2358,31,-1.7991054621754883,1.0723983841001
R050,1564617600,400,131,-269,531,31,-0.5112057906652486,-0.9444373159222541
R050,1564632000,54,23,-31,77,31,-0.19487955555747047,-1.4456105002737312
R050,1564646400,173,920,747,1093,31,0.8391616667696363,-0.32404231679113044
R050,1564660800,668,2074,1406,2742,31,1.715039771542854,1.4962981699832876
R050,1564675200,713,810,97,1523,31,-0.02475452154992592,0.15063713094264744
R050,1564689600,1614,582,-1032,2196,31,-1.5253104855695963,0.89356566193063
R050,1564704000,436,148,-288,584,31,-0.5364587254007436,-0.8859303142248349
R050,1564718400,56,39,-17,95,31,-0.1762721299628953,-1.4257401978104567
R050,1564732800,175,809,634,984,31,0.6889731601848509,-0.4443680372631811
R050,1564747200,688,1755,1067,2443,31,1.2644742517884977,1.1662303679544512
R050,1564761600,892,916,24,1808,31,-0.12177895500735368,0.4652502532778258
R050,1564776000,1431,574,-857,2005,31,-1.2927176656374064,0.6827196746814403
R050,1565395200,6048,7657,1609,13705,32,2.880342052599197,4.045117969750524
R050,1565409600,69,39,-30,108,32,-0.2970379666866806,-0.4720442450807108
R050,1565424000,149,281,132,430,32,0.017016678294595904,-0.3650701895408375
R050,1565438400,420,668,248,1088,32,0.24189531297254696,-0.1464710325680529
R050,1565452800,515,603,88,1118,32,-0.06828211416945451,-0.13650450565440012
R050,1565467200,516,384,-132,900,32,-0.49477607648970656,-0.20892793456027706
R050,1565481600,311,155,-156,466,32,-0.5413026905610068,-0.3531103572444541
R050,1565496000,64,28,-36,92,32,-0.30866962020450567,-0.4773597261013256
R050,1565510400,66,190,124,256,32,0.0015078069374958284,-0.4228760456400237
R050,1565524800,285,491,206,776,32,0.1604737383477716,-0.2501229124700419
R050,1565539200,370,563,193,933,32,0.13527182239248398,-0.197964754955259
R050,1565553600,401,312,-89,713,32,-0.4114158929452936,-0.2710526189887128
R050,1565568000,225,118,-107,343,32,-0.4463108534987688,-0.3939731175904306
R050,1565582400,41,28,-13,69,32,-0.26408161505284294,-0.4850007300684594
R050,1565596800,157,835,678,992,32,1.075497148416676,-0.17836391869174184
R050,1565611200,651,1296,645,1947,32,1.0115230540686382,0.1389038547262054
R050,1565625600,690,711,21,1401,32,-0.19816891178516763,-0.042486935102275435
R050,1565640000,1673,510,-1163,2183,32,-2.4934818726359786,0.21730719978027402
R050,1565654400,344,238,-106,582,33,-0.2815069384316207,-0.5466634045962747
R050,1565668800,33,22,-11,55,33,-0.11652270160110272,-1.216124940356701
R050,1565683200,176,879,703,1055,33,1.1234640888935274,0.05420055444486685
R050,1565697600,725,1878,1153,2603,33,1.904968368617034,2.0206644203976936
R050,1565712000,727,755,28,1482,33,-0.048792330691732146,0.5966295407251363
R050,1565726400,1774,547,-1227,2321,33,-2.2283209330317333,1.6624326308636517
R050,1565740800,376,230,-146,606,33,-0.3509739855181546,-0.5161755927210371
R050,1565755200,32,22,-10,54,33,-0.11478602542393937,-1.2173952658515026
R050,1565769600,161,908,747,1069,33,1.1998778406887147,0.0719851113720888
R050,1565784000,640,1952,1312,2592,33,2.181099880786006,2.0066908399548766
R050,1565798400,756,784,28,1540,33,-0.048792330691732146,0.6703084194236273
R050,1565812800,1737,618,-1119,2355,33,-2.0407599058980916,1.7056236976869048
R050,1565827200,339,128,-211,467,33,-0.4638579370337722,-0.692750836498455
R050,1565841600,27,28,1,55,33,-0.09568258747514254,-1.216124940356701
R050,1565856000,167,756,589,923,33,0.9254830046969059,-0.1134824108689401
R050,1565870400,667,1596,929,2263,33,1.515952904932444,1.5887537521651607
R050,1565884800,737,633,-104,1370,33,-0.27803358607729406,0.45435308530736074
R050,1565899200,1694,458,-1236,2152,33,-2.2439510186262033,1.4477476222421866
R050,1565913600,336,218,-118,554,33,-0.30234705255758093,-0.5822325184507187
R050,1565928000,38,23,-15,61,33,-0.1234694063097561,-1.2085029873878916
R050,1565942400,137,656,519,793,33,0.8039156722954716,-0.2786247251931439
R050,1565956800,582,1447,865,2029,33,1.40480562959399,1.2914975863815938
R050,1565971200,861,678,-183,1539,33,-0.4152310040731985,0.6690380939288257
R050,1565985600,1292,421,-871,1713,33,-1.6100642139615815,0.8900747300242985
R050,1566000000,293,201,-92,494,33,-0.25719347195133385,-0.6584520481388128
R050,1566014400,58,31,-27,89,33,-0.14430952043571627,-1.1729338735334478
R050,1566028800,45,267,222,312,33,0.28812284767795726,-0.889651288192698
R050,1566043200,223,548,325,771,33,0.46700049392578213,-0.30657188607877844
R050,1566057600,370,569,199,939,33,0.2481792956032003,-0.09315720295211502
R050,1566072000,413,422,9,835,33,-0.08178917805783575,-0.22527105441147807
R050,1566086400,238,138,-100,376,33,-0.2710868813686407,-0.8083504565253977
R050,1566100800,58,29,-29,87,33,-0.14778287279004296,-1.175474524523051
R050,1566115200,37,153,116,190,33,0.10403517289864245,-1.0446309985584894
R050,1566129600,173,385,212,558,33,0.2707560859063238,-0.5771512164715124
R050,1566144000,276,453,177,729,33,0.20997241970560662,-0.35992555686044425
R050,1566158400,287,278,-9,565,33,-0.11304934924677602,-0.5682589380079014
R050,1566172800,166,79,-87,245,33,-0.24851009106551714,-0.9747630963444031
R050,1566187200,24,21,-3,45,33,-0.10262929218379592,-1.2288281953047167
R050,1566201600,156,634,478,790,33,0.7327119490317743,-0.2824357016775486
R050,1566216000,584,1287,703,1871,33,1.1234640888935274,1.090786158202946
R050,1566230400,685,659,-26,1344,33,-0.14257284425855293,0.42132462244251995
R050,1566244800,1637,408,-1229,2045,33,-2.23179428538606,1.3118227942984189
R050,1566259200,303,102,-201,405,34,-0.48130279395102465,-0.7650812704289341
R050,1566273600,36,27,-9,63,34,-0.1255860190980265,-1.2106006837520464
R050,1566288000,366,722,356,1088,34,0.5506463914298085,0.12465486787424027
R050,1566302400,725,1604,879,2329,34,1.5196040645970899,1.7412911015993346
R050,1566316800,710,748,38,1458,34,-0.038509516920469666,0.6066495548027535
R050,1566331200,1630,492,-1138,2122,34,-2.2172747628950833,1.4716346145879773
R050,1566345600,384,122,-262,506,34,-0.5943169776282793,-0.6335097477808805
R050,1566360000,38,30,-8,68,34,-0.1237333275623338,-1.204087242036796
R050,1566374400,147,765,618,912,34,1.0360515737812954,-0.10461828050256602
R050,1566388800,670,1792,1122,2462,34,1.969808107770416,1.9145486512249894
R050,1566403200,741,740,-1,1481,34,-0.11076448681248491,0.6366113866929043
R050,1566417600,1673,481,-1192,2154,34,-2.317320105822489,1.5133206415655782
R050,1566432000,325,129,-196,454,34,-0.4720393362725611,-0.7012495416194824
R050,1566446400,37,20,-17,57,34,-0.14040755138356809,-1.2184168138103466
R050,1566460800,138,812,674,950,34,1.1398022997800865,-0.05511612346666466
R050,1566475200,676,1512,836,2188,34,1.4399383285623037,1.5576120452292794
R050,1566489600,780,705,-75,1485,34,-0.2478636604537446,0.6418221400651044
R050,1566504000,1576,512,-1064,2088,34,-2.0801755892538236,1.427343210924276
R050,1566518400,289,119,-170,408,34,-0.423869356344551,-0.7611732053997841
R050,1566532800,35,19,-16,54,34,-0.13855485984787538,-1.2223248788394967
R050,1566547200,147,581,434,728,34,0.695156331213839,-0.3443129356237726
R050,1566561600,548,1433,885,1981,34,1.5307202138112461,1.287955558217922
R050,1566576000,790,632,-158,1422,34,-0.4016370579162386,0.5597527744529522
R050,1566590400,1282,499,-783,1781,34,-1.5595692677241755,1.027417889607915
R050,1566604800,278,155,-123,433,34,-0.3367928541669941,-0.7286059968235331
R050,1566619200,50,37,-13,87,34,-0.13299678524079728,-1.1793361635188455
R050,1566633600,31,299,268,330,34,0.38760953628885103,-0.8627828961576868
R050,1566648000,215,555,340,770,34,0.5210033268587253,-0.2896000252156711
R050,1566662400,359,570,211,929,34,0.2820061187543672,-0.08247257867071542
R050,1566676800,413,327,-86,740,34,-0.2682432673463643,-0.32868067550717217
R050,1566691200,222,158,-64,380,34,-0.22748405356112492,-0.797648479005185
R050,1566705600,48,40,-8,88,34,-0.1237333275623338,-1.1780334751757955
R050,1566720000,25,195,170,220,34,0.2060457657909666,-1.0060786138931908
R050,1566734400,137,467,330,604,34,0.5024764115017983,-0.505846290161977
R050,1566748800,293,570,277,863,34,0.4042837601100853,-0.16845000931201776
R050,1566763200,330,332,2,662,34,-0.10520641220540682,-0.43029036626507494
R050,1566777600,170,122,-48,292,34,-0.19784098899004174,-0.9122850531935881
R050,1566792000,26,26,0,52,34,-0.10891179527679222,-1.2249302555255968
R050,1566806400,160,773,613,933,34,1.026788116102832,-0.07726182529851527
R050,1566820800,695,1742,1047,2437,34,1.8308562425934631,1.8819814426487385
R050,1566835200,580,628,48,1208,34,-0.019982601563542677,0.28097746904024457
R050,1566849600,1526,479,-1047,2005,34,-2.0486798331470477,1.319220078451123
R050,1566864000,337,135,-202,472,35,-0.5741801039953848,-0.5891824818085781
R050,1566878400,43,18,-25,61,35,-0.21755424610402457,-1.1616183461064153
R050,1566892800,168,751,583,919,35,1.0074656499295744,0.033393750164982174
R050,1566907200,633,1672,1039,2305,35,1.9262305719547737,1.9637979056803165
R050,1566921600,690,671,-19,1361,35,-0.20546523397211408,0.6490060421835809
R050,1566936000,1624,531,-1093,2155,35,-2.3693984055840964,1.754879707031471
R050,1566950400,449,137,-312,586,35,-0.795811993080411,-0.43040465083545537
R050,1566964800,37,19,-18,56,35,-0.20345039861679565,-1.168582286061377
R050,1566979200,173,740,567,913,35,0.9752282842444797,0.025037022219028347
R050,1566993600,603,1687,1084,2290,35,2.0168981629441025,1.9429060858154321
R050,1567008000,693,734,41,1427,35,-0.0845751126530089,0.740930049589073
R050,1567022400,1634,474,-1160,2108,35,-2.5043923743904304,1.6894186714548325
R050,1567036800,403,104,-299,507,35,-0.7696191334612715,-0.5404349021238475
R050,1567051200,45,26,-19,71,35,-0.20546523397211408,-1.1476904661964924
R050,1567065600,158,721,563,879,35,0.967168942823206,-0.022317769474710022
R050,1567080000,619,1613,994,2232,35,1.8355629809654448,1.8621243823378784
R050,1567094400,719,740,21,1459,35,-0.12487181975937729,0.7854992653008268
R050,1567108800,1600,556,-1044,2156,35,-2.270671473173494,1.7562724950224633
R050,1567123200,438,137,-301,575,35,-0.7736488041719083,-0.4457253187363707
R050,1567137600,45,31,-14,76,35,-0.19539105719552197,-1.140726526241531
R050,1567152000,118,761,643,879,35,1.1283557712486796,-0.022317769474710022
R050,1567166400,519,1647,1128,2166,35,2.105550918578113,1.7702003749323862
R050,1567180800,984,827,-157,1811,35,-0.48351251300605597,1.275760638130118
R050,1567195200,958,473,-485,1431,35,-1.1443785095504975,0.7465012015530423
R050,1567209600,292,260,-32,552,35,-0.23165809359125353,-0.4777594425291937
R050,1567224000,49,38,-11,87,35,-0.18934655112956672,-1.1254058583406155
R050,1567238400,28,223,195,251,35,0.2257095320660277,-0.8969886278178775
R050,1567252800,190,578,388,768,35,0.6145727556424826,-0.17691723647485585
R050,1567267200,358,531,173,889,35,0.18138315424902246,-0.008389889564786972
R050,1567281600,416,375,-41,791,35,-0.2497916117891193,-0.14488311268203286
R050,1567296000,211,146,-65,357,35,-0.2981476603167614,-0.7493531007726932
R050,1567310400,34,63,29,97,35,-0.10875313691682993,-1.1114779784306925
R050,1567324800,35,154,119,189,35,0.07258204506182782,-0.9833414832594004
R050,1567339200,162,410,248,572,35,0.3324958058979039,-0.4499036827093476
R050,1567353600,317,423,106,740,35,0.04638918544268836,-0.2159153002226404
R050,1567368000,380,428,48,808,35,-0.07047126516577996,-0.12120571683516367
R050,1567382400,166,144,-22,310,35,-0.21150974003806933,-0.8148141363493315
R050,1567396800,26,42,16,68,35,-0.1349459965359694,-1.1518688301694693
R050,1567411200,26,191,165,217,35,0.1652644714064751,-0.9443434195116159
R050,1567425600,125,435,310,560,35,0.4574155979276459,-0.4666171386012553
R050,1567440000,263,528,265,791,35,0.36674800693831705,-0.14488311268203286
R050,1567454400,285,364,79,649,35,-0.008011369150908965,-0.34265900740294014
R050,1567468800,168,114,-54,282,36,-0.24493660647508012,-0.9787536817387099
R050,1567483200,17,17,0,34,36,-0.16089481774807834,-1.2589971901501236
R050,1567497600,160,853,693,1013,36,0.917641470915111,-0.152713340413132
R050,1567512000,686,1799,1113,2485,36,1.5712998276806802,1.510667483706226
R050,1567526400,700,812,112,1512,36,0.01341407738940681,0.4111637188501558
R050,1567540800,1756,559,-1197,2315,36,-2.0238211345299506,1.3185650787467893
R050,1567555200,420,195,-225,615,36,-0.5110689374439191,-0.6024589708475779
R050,1567569600,36,33,-3,69,36,-0.16556380601068954,-1.219446695011416
R050,1567584000,197,825,628,1022,36,0.8164800585585348,-0.14254321309175005
R050,1567598400,814,1971,1157,2785,36,1.6397783221989781,1.8496717277522907
R050,1567612800,777,850,73,1627,36,-0.047282770024538914,0.5411153457344806
R050,1567627200,1666,562,-1104,2228,36,-1.8790824983890033,1.2202538479734304
R050,1567641600,419,213,-206,632,36,-0.4814986784473814,-0.5832487303516343
R050,1567656000,37,29,-8,66,36,-0.17334545311504157,-1.2228367374518765
R050,1567670400,196,994,798,1190,36,1.0810560601065033,0.04729916357404622
R050,1567684800,703,1957,1254,2660,36,1.7907422760234073,1.7084199593997638
R050,1567699200,811,871,60,1682,36,-0.06751505249585416,0.6032661238095924
R050,1567713600,1776,576,-1200,2352,36,-2.028490122792562,1.3603756021791371
R050,1567728000,398,149,-249,547,36,-0.5484208435448088,-0.6792999328313527
R050,1567742400,34,25,-9,59,36,-0.17490178253591196,-1.2307468364796181
R050,1567756800,182,959,777,1141,36,1.0483731422682248,-0.008071529620144364
R050,1567771200,679,1910,1231,2589,36,1.754946699343388,1.6281889549755284
R050,1567785600,889,810,-79,1699,36,-0.2838448419968402,0.6224763643055362
R050,1567800000,1573,533,-1040,2106,36,-1.7794774154532975,1.0823921220613641
R050,1567814400,358,130,-228,488,36,-0.5157379257065303,-0.7459707674937454
R050,1567828800,59,28,-31,87,36,-0.20914102979506083,-1.199106440368652
R050,1567843200,39,308,269,347,36,0.2577577964660601,-0.9053027621953958
R050,1567857600,257,650,393,907,36,0.45074264465399005,-0.2724948399760749
R050,1567872000,575,620,45,1195,36,-0.0908599938089102,0.0529492343081473
R050,1567886400,538,384,-154,922,36,-0.40056954856212046,-0.2555446277737717
R050,1567900800,298,135,-163,433,36,-0.4145765133499541,-0.8081215455688573
R050,1567915200,45,47,2,92,36,-0.15778215890633754,-1.193456369634551
R050,1567929600,31,148,117,179,36,0.021195724493758825,-1.0951451388611921
R050,1567944000,225,515,290,740,36,0.29044071430433854,-0.461207202495051
R050,1567958400,377,568,191,945,36,0.13636410163816867,-0.2295543023969067
R050,1567972800,414,312,-102,726,36,-0.31964041867685944,-0.477027400550534
R050,1567987200,197,119,-78,316,36,-0.28228851257596976,-0.9403332007468226
R050,1568001600,29,22,-7,51,36,-0.17178912369417115,-1.2397869496541798
R050,1568016000,178,1103,925,1281,36,1.2787098965570445,0.15013045093468588
R050,1568030400,717,2122,1405,2839,36,2.025748018574838,1.9106924916805823
R050,1568044800,740,838,98,1578,36,-0.008374534502778834,0.48574465254029003
R050,1568059200,1769,617,-1152,2386,36,-1.9537863105907827,1.3987960831710244
R050,1568073600,371,169,-202,540,37,-0.48183065123825747,-0.7377578816740853
R050,1568088000,32,28,-4,60,37,-0.17464698858130032,-1.264989320686831
R050,1568102400,183,1082,899,1265,37,1.226296685051186,0.05858127100141611
R050,1568116800,797,2283,1486,3080,37,2.1369876445442864,2.052175149768361
R050,1568131200,767,834,67,1601,37,-0.06449527116390659,0.4276432783103381
R050,1568145600,1736,859,-877,2595,37,-1.5290476830233386,1.5194517165992323
R050,1568160000,442,194,-248,636,37,-0.5531965526636111,-0.6323115938715361
R050,1568174400,47,32,-15,79,37,-0.19171274761779794,-1.2441197428925765
R050,1568188800,203,1069,866,1272,37,1.1750994079416932,0.06627006282035199
R050,1568203200,777,2053,1276,2830,37,1.8111867902111498,1.7775754419492225
R050,1568217600,791,782,-9,1573,37,-0.1824041517797083,0.3968881110345946
R050,1568232000,1777,637,-1140,2414,37,-1.9370744672596,1.3206415281381763
R050,1568246400,408,157,-251,565,37,-0.5578508505826559,-0.7102979108921714
R050,1568260800,37,22,-15,59,37,-0.19171274761779794,-1.2660877195181075
R050,1568275200,190,1054,864,1244,37,1.17199654266233,0.03551489554460848
R050,1568289600,763,1994,1231,2757,37,1.7413723214254777,1.697392327266034
R050,1568304000,889,837,-52,1726,37,-0.24911575528601718,0.5649431322199073
R050,1568318400,1699,626,-1073,2325,37,-1.833128480400933,1.2228840321545629
R050,1568332800,417,153,-264,570,37,-0.5780194748985168,-0.7048059167357886
R050,1568347200,36,21,-15,57,37,-0.19171274761779794,-1.2682845171806607
R050,1568361600,172,965,793,1137,37,1.0618448252449364,-0.08201377940198275
R050,1568376000,688,1894,1206,2582,37,1.7025865054334377,1.5051725317926372
R050,1568390400,839,825,-14,1664,37,-0.19016131497811634,0.496842404680761
R050,1568404800,1619,658,-961,2277,37,-1.6593680247565934,1.1701608882532883
R050,1568419200,355,161,-194,516,37,-0.46941919012080463,-0.7641194536247226
R050,1568433600,59,24,-35,83,37,-0.22274140041142995,-1.2397261475674703
R050,1568448000,66,290,224,356,37,0.1790796532661049,-0.9398632666289711
R050,1568462400,333,610,277,943,37,0.2613055831692298,-0.29510315266963416
R050,1568476800,504,685,181,1189,37,0.11236804975979602,-0.024897040175601966
R050,1568491200,492,403,-89,895,37,-0.30651876295423647,-0.34782629657090874
R050,1568505600,838,570,-268,1408,37,-0.5842252054572432,0.21565230387396328
R050,1568520000,55,28,-27,83,37,-0.21032993929397714,-1.2397261475674703
R050,1568534400,54,162,108,216,37,-0.0008865329369609122,-1.0936391030076886
R050,1568548800,240,471,231,711,37,0.18993968174387613,-0.5499316815257946
R050,1568563200,435,483,48,918,37,-0.09397249131785702,-0.322563123451548
R050,1568577600,389,303,-86,692,37,-0.30186446503519165,-0.5708012593200491
R050,1568592000,195,121,-74,316,37,-0.2832472733590124,-0.9837992198800333
R050,1568606400,25,19,-6,44,37,-0.17774985386066353,-1.2825637019872558
R050,1568620800,201,939,738,1140,37,0.9765160300624482,-0.07871858290815309
R050,1568635200,711,1922,1211,2633,37,1.7103436686318458,1.5611908721877414
R050,1568649600,782,758,-24,1540,37,-0.20567564137493233,0.36064094960246834
R050,1568664000,1751,548,-1203,2299,37,-2.034814723559541,1.1943256625413725
R050,1568678400,384,130,-254,514,38,-0.5326762599139369,-0.7586270601783264
R050,1568692800,26,29,3,55,38,-0.138536724027521,-1.2647459855007854
R050,1568707200,189,1022,833,1211,38,1.1343652790297754,0.009923900496518805
R050,1568721600,809,2024,1215,2833,38,1.7202069238103626,1.7984313010913522
R050,1568736000,810,770,-40,1580,38,-0.20448224948711585,0.41680382085378975
R050,1568750400,1855,626,-1229,2481,38,-2.027952709288472,1.4102965261163944
R050,1568764800,472,141,-331,613,38,-0.6507647589927463,-0.6494641547166196
R050,1568779200,34,34,0,68,38,-0.14313757464098112,-1.2504114625613694
R050,1568793600,199,910,711,1109,38,0.9472640207490644,-0.10254697179736098
R050,1568808000,763,1941,1178,2704,38,1.663463099577688,1.6561887273079159
R050,1568822400,785,892,107,1677,38,0.020959430572429386,0.523761415094048
R050,1568836800,1799,702,-1097,2501,38,-1.825515282296227,1.4323496383308807
R050,1568851200,411,189,-222,600,38,-0.4836005200370291,-0.6637986776560356
R050,1568865600,40,42,2,82,38,-0.14007034089867437,-1.234974284011229
R050,1568880000,182,998,816,1180,38,1.108293792220168,-0.024258423435934855
R050,1568894400,746,2037,1291,2783,38,1.8367618060180186,1.7432985205551366
R050,1568908800,801,788,-13,1589,38,-0.16307459396597493,0.42672772135030856
R050,1568923200,1786,623,-1163,2409,38,-1.9267339957923493,1.3309053221442442
R050,1568937600,403,218,-185,621,38,-0.4268566958043544,-0.6406429098308251
R050,1568952000,50,36,-14,86,38,-0.1646082108371283,-1.2305636615683317
R050,1568966400,173,960,787,1133,38,1.0638189029567204,-0.0760832371399775
R050,1568980800,714,1966,1252,2680,38,1.7769507480430373,1.6297249926505326
R050,1568995200,877,871,-6,1748,38,-0.15233927586790133,0.6020499634554741
R050,1569009600,1642,587,-1055,2229,38,-1.7611033737077855,1.132427312213868
R050,1569024000,410,229,-181,639,38,-0.42072222831974093,-0.6207951088377874
R050,1569038400,55,56,1,111,38,-0.14160395776982776,-1.202997271300224
R050,1569052800,49,255,206,304,38,0.17278750081661293,-0.9901847384304318
R050,1569067200,303,681,378,984,38,0.43656960265499245,-0.24037892313789994
R050,1569081600,536,661,125,1197,38,0.04856453425319003,-0.005513278053621558
R050,1569096000,582,494,-88,1076,38,-0.2780958593024776,-0.13893460695126325
R050,1569110400,302,170,-132,472,38,-0.34557500163322585,-0.8049385958287475
R050,1569124800,58,40,-18,98,38,-0.17074267832174175,-1.21733179423964
R050,1569139200,49,147,98,196,38,0.007156878732049064,-1.1092715443886574
R050,1569153600,231,523,292,754,38,0.3046785517358027,-0.49398971360449156
R050,1569168000,413,597,184,1010,38,0.13904792965123883,-0.2117098772590678
R050,1569182400,415,392,-23,807,38,-0.1784107626775086,-0.43554896623610306
R050,1569196800,187,115,-72,302,38,-0.2535579893640237,-0.9923900496518804
R050,1569211200,24,22,-2,46,38,-0.14620480838328787,-1.2746698859973042
R050,1569225600,183,1005,822,1188,38,1.1174954934470882,-0.015437178550140361
R050,1569240000,745,1890,1145,2635,38,1.6128537428296268,1.5801054901679386
R050,1569254400,865,808,-57,1673,38,-0.23055373629672313,0.5193507926511508
R050,1569268800,1925,581,-1344,2506,38,-2.204318649471109,1.4378629163845023
R050,1569283200,429,142,-287,571,39,-0.5062445746864191,-0.6771933593138805
R050,1569297600,45,16,-29,61,39,-0.11549977724343619,-1.2233540489672303
R050,1569312000,244,966,722,1210,39,1.021900776553774,0.00711385772237553
R050,1569326400,858,2122,1264,2980,39,1.8427677541277925,1.9026127218134132
R050,1569340800,911,893,-18,1804,39,-0.0988401153369524,0.6432304256715712
R050,1569355200,1935,702,-1233,2637,39,-1.9389754986440235,1.5352928854387093
R050,1569369600,544,140,-404,684,39,-0.6834427967826556,-0.5561812849397069
R050,1569384000,54,34,-20,88,39,-0.10186914477449491,-1.1944396595149942
R050,1569398400,221,1043,822,1264,39,1.1733522484308991,0.06494263662684786
R050,1569412800,799,2136,1337,2935,39,1.9533273285980939,1.854422072726353
R050,1569427200,880,886,6,1766,39,-0.062491762086442366,0.6025360997758314
R050,1569441600,2031,687,-1344,2718,39,-2.1070866324276323,1.6220360537954177
R050,1569456000,502,177,-325,679,39,-0.5637961339997267,-0.5615358015049358
R050,1569470400,59,20,-39,79,39,-0.1306449244311487,-1.2040777893324062
R050,1569484800,230,1056,826,1286,39,1.179410307305984,0.08850250951385512
R050,1569499200,821,2138,1317,2959,39,1.9230370342226688,1.8801237522394518
R050,1569513600,922,925,3,1847,39,-0.06703530624275612,0.6892792681325399
R050,1569528000,1829,645,-1184,2474,39,-1.8647642774242321,1.3607356454122466
R050,1569542400,464,169,-295,633,39,-0.5183606924365892,-0.6107973539050419
R050,1569556800,47,28,-19,75,39,-0.10035463005572366,-1.2083614025845892
R050,1569571200,193,963,770,1156,39,1.094597483054794,-0.050714921182096806
R050,1569585600,738,2045,1307,2783,39,1.9078918870349562,1.6916447691433938
R050,1569600000,884,856,-28,1740,39,-0.11398526252466493,0.574692613636641
R050,1569614400,1620,622,-998,2242,39,-1.5830645397327794,1.1122860767856246
R050,1569628800,411,158,-253,569,39,-0.4547510742481966,-0.679335165939972
R050,1569643200,73,33,-40,106,39,-0.13215943914991996,-1.17516339988017
R050,1569657600,127,177,50,304,39,0.004146885539492717,-0.9631245438971048
R050,1569672000,484,459,-25,943,39,-0.10944171836835118,-0.2788173268608488
R050,1569686400,601,509,-92,1110,39,-0.21091420452602505,-0.09997647358220287
R050,1569700800,633,357,-276,990,39,-0.4895849127799354,-0.22848487114769694
R050,1569715200,274,120,-154,394,39,-0.3048141170898427,-0.8667432457229842
R050,1569729600,70,60,-10,130,39,-0.0867239975867824,-1.1494617203670712
R050,1569744000,79,94,15,173,39,-0.048861129617501095,-1.1034128779061025
R050,1569758400,312,395,83,707,39,0.05412587125894403,-0.5315505087396538
R050,1569772800,443,354,-89,797,39,-0.2063706603697113,-0.43516921056553326
R050,1569787200,398,280,-118,678,39,-0.25029158721407757,-0.5626067048179816
R050,1569801600,210,87,-123,297,39,-0.25786416080793384,-0.9706208670884252
R050,1569816000,27,28,1,55,39,-0.07006433568029863,-1.229779468845505
R050,1569830400,146,869,723,1015,39,1.0234152912725452,-0.20171228832155236
R050,1569844800,582,1654,1072,2236,39,1.551980928123712,1.10586065690735
R050,1569859200,603,691,88,1294,39,0.06169844485280029,0.09706973601822139
R050,1569873600,1545,527,-1018,2072,39,-1.6133548341082045,0.9302325135678413
R050,1569888000,319,142,-177,461,40,-0.4457698091703913,-0.8375726450615365
R050,1569902400,26,16,-10,42,40,-0.19018005673671806,-1.311804600526062
R050,1569916800,187,930,743,1117,40,0.962269545554036,-0.09509970285454669
R050,1569931200,632,1845,1213,2477,40,1.6815939985110804,1.444173470013603
R050,1569945600,690,814,124,1504,40,0.01490393623401374,0.34291406030719884
R050,1569960000,1726,558,-1168,2284,40,-1.9624730706181168,1.225732497687461
R050,1569974400,358,114,-244,472,40,-0.5483118056557572,-0.825122641457456
R050,1569988800,30,18,-12,48,40,-0.1932410118556842,-1.3050136894692907
R050,1570003200,199,1009,810,1208,40,1.0648115420394018,0.007895781506483908
R050,1570017600,767,2086,1319,2853,40,1.8438246198162862,1.869737229571268
R050,1570032000,801,843,42,1644,40,-0.11059522364359826,0.5013686516318613
R050,1570046400,1815,586,-1229,2401,40,-2.0558322017465844,1.3581552632945004
R050,1570060800,395,129,-266,524,40,-0.5819823119643848,-0.7662680789654385
R050,1570075200,47,18,-29,65,40,-0.21925913036689645,-1.2857727748084389
R050,1570089600,166,1020,854,1186,40,1.132152554656657,-0.017004225701677336
R050,1570104000,773,1933,1160,2706,40,1.6004786878584776,1.7033599086803723
R050,1570118400,835,862,27,1697,40,-0.13355238703584435,0.5613550326333406
R050,1570132800,1794,669,-1125,2463,40,-1.8966625355603448,1.4283280108811367
R050,1570147200,437,147,-290,584,40,-0.6187137733919785,-0.6983589683977259
R050,1570161600,42,29,-13,71,40,-0.19477148941516728,-1.2789818637516677
R050,1570176000,175,1139,964,1314,40,1.300505086199795,0.12786854350944263
R050,1570190400,668,1945,1277,2613,40,1.779544562317997,1.598100787300418
R050,1570204800,831,867,36,1698,40,-0.1197780890004967,0.5624868511428025
R050,1570219200,1636,575,-1061,2211,40,-1.7987119717534281,1.1431097464967443
R050,1570233600,377,299,-78,676,40,-0.29425253078156705,-0.5942316655272335
R050,1570248000,60,72,12,132,40,-0.15650955042809045,-1.2099409346744934
R050,1570262400,69,285,216,354,40,0.15570787170645647,-0.9586772255739572
R050,1570276800,418,735,317,1153,40,0.3102861052142469,-0.054354236513919206
R050,1570291200,596,776,180,1372,40,0.10061067956506584,0.19351401705823137
R050,1570305600,670,547,-123,1217,40,-0.3631240209583053,0.01808214809164078
R050,1570320000,270,343,73,613,40,-0.06315041929962299,-0.6655362316233315
R050,1570334400,50,37,-13,87,40,-0.19477148941516728,-1.2608727676002778
R050,1570348800,43,172,129,215,40,0.022556324031429105,-1.1159999983891578
R050,1570363200,284,561,277,845,40,0.24906700283492395,-0.40295433742817666
R050,1570377600,460,638,178,1098,40,0.09754972444609969,-0.11660425453432231
R050,1570392000,474,339,-135,813,40,-0.3814897516721022,-0.4391725297309566
R050,1570406400,174,140,-34,314,40,-0.22691151816431182,-1.003949965952432
R050,1570420800,23,29,6,52,40,-0.1656924157849889,-1.3004864154314433
R050,1570435200,196,947,751,1143,40,0.9745133660299006,-0.06567242160853795
R050,1570449600,710,1957,1247,2667,40,1.733630235533505,1.6592189868113592
R050,1570464000,780,823,43,1603,40,-0.10906474608411519,0.45496409274392446
R050,1570478400,1819,627,-1192,2446,40,-1.9992045320457106,1.4090870962202848
R050,1570492800,377,181,-196,558,41,-0.44192843473342586,-0.706285314103983
R050,1570507200,37,35,-2,72,41,-0.1166499445610723,-1.2965045817487264
R050,1570521600,194,1011,817,1205,41,1.2565618258057194,0.07945926648480071
R050,1570536000,797,2108,1311,2905,41,2.084848290471403,2.1440122603038616
R050,1570550400,825,803,-22,1628,41,-0.15018380952729432,0.5931686290644846
R050,1570564800,1693,606,-1087,2299,41,-1.935862118978617,1.4080598401542435
R050,1570579200,394,162,-232,556,41,-0.5022893916726254,-0.7087141999790643
R050,1570593600,144,202,58,346,41,-0.016048349662406248,-0.9637472168625953
R050,1570608000,148,797,649,945,41,0.9748773600894544,-0.23629589727576153
R050,1570622400,647,1744,1097,2391,41,1.7260359353328274,1.5197885904079809
R050,1570636800,688,769,81,1457,41,0.022515595048749074,0.38549888674503796
R050,1570651200,1552,549,-1003,2101,41,-1.7950198861204845,1.1676001385211998
R050,1570665600,375,187,-188,562,41,-0.42851488874693705,-0.7014275423538205
R050,1570680000,113,84,-29,197,41,-0.16192066226547203,-1.1446992145561483
R050,1570694400,228,1054,826,1282,41,1.2716520650405192,0.17297137267542875
R050,1570708800,838,1944,1106,2782,41,1.7411261745676272,1.994635778986365
R050,1570723200,842,794,-48,1636,41,-0.19377783398338294,0.6028841725648096
R050,1570737600,1811,653,-1158,2464,41,-2.054907339608705,1.6084429248484464
R050,1570752000,477,209,-268,686,41,-0.5626503486118251,-0.5508366180987831
R050,1570766400,326,134,-192,460,41,-0.43522166174018145,-0.8253007219829642
R050,1570780800,174,979,805,1153,41,1.2364415068259862,0.016308233732688263
R050,1570795200,809,1772,963,2581,41,1.5013590400591401,1.7505327485406994
R050,1570809600,944,744,-200,1688,41,-0.44863520772667026,0.6660352053169221
R050,1570824000,1634,508,-1126,2142,41,-2.00125315566275,1.2173922989603654
R050,1570838400,416,143,-273,559,41,-0.5710338148533806,-0.7050708711664424
R050,1570852800,47,39,-8,86,41,-0.1267101040509389,-1.2795023806231576
R050,1570867200,46,238,192,284,41,0.20862854561128127,-1.039042678990114
R050,1570881600,328,657,329,985,41,0.4383355206299021,-0.18771817977413657
R050,1570896000,531,615,84,1146,41,0.027545674793682376,0.007807133169903893
R050,1570910400,581,354,-227,935,41,-0.49390592543107,-0.24844032665116778
R050,1570924800,249,123,-126,372,41,-0.3245599073516488,-0.9321717004865391
R050,1570939200,50,28,-22,78,41,-0.15018380952729432,-1.2892179241234825
R050,1570953600,52,131,79,183,41,0.019162208552126872,-1.1617014156817171
R050,1570968000,256,491,235,747,41,0.28072635528865864,-0.4767555989088051
R050,1570982400,429,566,137,995,41,0.11641041695417072,-0.17557375039873033
R050,1570996800,478,297,-181,775,41,-0.41677803600875934,-0.4427511966576676
R050,1571011200,221,119,-102,340,41,-0.2843192693921824,-0.9710338744878391
R050,1571025600,28,18,-10,46,41,-0.1300634905475611,-1.3280800981247824
R050,1571040000,108,672,564,780,41,0.8323584339830108,-0.4366789819699645
R050,1571054400,512,1483,971,1995,41,1.514772586045629,1.0388691871418938
R050,1571068800,661,817,156,1478,41,0.14826758867208165,0.4110021884333911
R050,1571083200,1452,530,-922,1982,41,-1.659207733007285,1.0230814289538657
R050,1571097600,296,111,-185,407,42,-0.40130894196197614,-0.8656962107180217
R050,1571112000,25,29,4,54,42,-0.08965698101357861,-1.2481404839066723
R050,1571126400,166,852,686,1018,42,1.0349284018795806,-0.20373176052463468
R050,1571140800,762,1871,1109,2633,42,1.7324351716212323,1.545977874601912
R050,1571155200,865,825,-40,1690,42,-0.16221087668410503,0.5243207935342132
R050,1571169600,1955,966,-989,2921,42,-1.727066490123413,1.8580003977699897
R050,1571184000,462,308,-154,770,42,-0.3501914245577416,-0.47241782214159045
R050,1571198400,45,22,-23,67,42,-0.13417868972049254,-1.2340561339025578
R050,1571212800,200,1000,800,1200,42,1.2229089497532173,-0.006550860467030043
R050,1571227200,873,2070,1197,2943,42,1.877542962962285,1.8818354516231066
R050,1571241600,881,901,20,1782,42,-0.06327374622429628,0.6239946551017935
R050,1571256000,1872,556,-1316,2428,42,-2.2662738511293705,1.3238785091524121
R050,1571270400,360,102,-258,462,42,-0.5216824506880768,-0.806108576085229
R050,1571284800,43,29,-14,72,42,-0.11933812015152123,-1.2286390762086676
R050,1571298112,71,484,413,555,42,0.5847644582874508,-0.7053513029788706
R050,1571299200,181,558,377,739,42,0.5254021800115656,-0.5060035798437099
R050,1571313600,817,2117,1300,2934,42,2.04738503691829,1.8720847477741043
R050,1571328000,859,855,-4,1714,42,-0.10284859840821978,0.5503226704648864
R050,1571342400,1876,703,-1173,2579,42,-2.03047369020016,1.4874736515078975
R050,1571356800,495,222,-273,717,42,-0.546416733303029,-0.5298386336968269
R050,1571371200,60,136,76,196,42,0.029067575538191868,-1.0942960454001898
R050,1571385600,177,954,777,1131,42,1.1849830497436238,-0.08130625664271532
R050,1571400000,754,1898,1144,2652,42,1.7901484977227875,1.566562693838695
R050,1571414400,914,899,-15,1813,42,-0.12098707232585137,0.657580412803913
R050,1571428800,1649,640,-1009,2289,42,-1.7600455336100158,1.1732843052622637
R050,1571443200,383,358,-25,741,42,-0.13747659406915283,-0.5038367567661538
R050,1571457600,65,39,-26,104,42,-0.13912554624348297,-1.19396990696777
R050,1571472000,139,274,135,413,42,0.12635575382367045,-0.8591957414853534
R050,1571486400,596,702,106,1298,42,0.07853614076809623,0.09962347033321861
R050,1571500800,731,748,17,1479,42,-0.06822060274728672,0.2957209588520452
R050,1571515200,773,447,-326,1220,42,-0.6338111985425267,0.015117370308530905
R050,1571529600,318,159,-159,477,42,-0.3584361854293923,-0.7898574030035583
R050,1571544000,71,44,-27,115,42,-0.14077449841781312,-1.1820523800412115
R050,1571558400,70,158,88,228,42,0.04885500163015361,-1.0596268761592922
R050,1571572800,419,534,115,953,42,0.09337671033706754,-0.27415351054520776
R050,1571587200,492,532,40,1024,42,-0.03029470273769337,-0.1972312912919664
R050,1571601600,441,275,-166,716,42,-0.3699788506497034,-0.530922045235605
R050,1571616000,195,89,-106,284,42,-0.27104172018989464,-0.9989558299877215
R050,1571630400,28,18,-10,46,42,-0.11274231145420065,-1.2568077762168968
R050,1571644800,187,532,345,719,42,0.47263571043300096,-0.5276718106192708
R050,1571659200,710,1864,1154,2574,42,1.806638019466089,1.4820565938140071
R050,1571673600,717,755,38,1472,42,-0.033592607086353664,0.28813707808059885
R050,1571688000,1682,549,-1133,2231,42,-1.964515603226954,1.110446436013137
R050,1571702400,392,198,-194,590,43,-0.347886286899107,-0.7013557506634537
R050,1571716800,41,29,-12,70,43,-0.06280451405854376,-1.2799464281013107
R050,1571731200,181,927,746,1108,43,1.1245140783213845,-0.1249904219849729
R050,1571745600,821,1820,999,2641,43,1.5208090702371124,1.5807394020770174
R050,1571760000,858,887,29,1745,43,0.0014172039989457624,0.5837831578764021
R050,1571774400,1846,545,-1301,2391,43,-2.081872674451324,1.3025708071549706
R050,1571788800,391,146,-245,537,43,-0.4277718386291549,-0.7603274927869276
R050,1571803200,48,35,-13,83,43,-0.0643708974257996,-1.2654816611653643
R050,1571817600,205,615,410,820,43,0.5982092669234216,-0.4454406433351707
R050,1571832000,765,1595,830,2360,43,1.2560902811708752,1.2680779013846368
R050,1571846400,895,853,-42,1748,43,-0.10979601507621903,0.5871211810154666
R050,1571860800,1910,648,-1262,2558,43,-2.0207837231283463,1.488387428562898
R050,1571875200,405,179,-226,584,43,-0.3980105546512939,-0.7080317969415828
R050,1571889600,53,36,-17,89,43,-0.07063643089482297,-1.2588056148872353
R050,1571904000,184,984,800,1168,43,1.2090987801531998,-0.05822995920368169
R050,1571918400,780,2099,1319,2879,43,2.022051747758982,1.8455559044428058
R050,1571932800,835,858,23,1693,43,-0.00798109620458929,0.5259240901326163
R050,1571947200,1864,648,-1216,2512,43,-1.9487300882345775,1.4372044070972414
R050,1571961600,410,151,-259,561,43,-0.4497012057707367,-0.7336233076744111
R050,1571976000,44,26,-18,70,43,-0.07220281426207881,-1.2799464281013107
R050,1571990400,183,933,750,1116,43,1.1307796117904079,-0.1160890269474674
R050,1572004800,692,2166,1474,2858,43,2.2648411696836375,1.8221897424693538
R050,1572019200,877,887,10,1764,43,-0.028344079978915235,0.6049239710904776
R050,1572033600,1648,661,-987,2309,43,-1.5900282971329895,1.2113315080205393
R050,1572048000,371,181,-190,552,43,-0.34162075343008363,-0.7436373770916047
R050,1572062400,104,52,-52,156,43,-0.12545984874877744,-1.1842564314481268
R050,1572076800,170,270,100,440,43,0.11263042307411053,-0.8682569076166816
R050,1572091200,615,698,83,1313,43,0.08600190583076123,0.1031078258511054
R050,1572105600,798,673,-125,1471,43,-0.23980583455845392,0.2789103778418389
R050,1572120000,878,444,-434,1322,43,-0.723818295040509,0.11312189526829908
R050,1572134400,484,202,-282,686,43,-0.48572802321762104,-0.5945390102133877
R050,1572148800,106,40,-66,146,43,-0.14738921589035922,-1.1953831752450086
R050,1572163200,89,183,94,272,43,0.10323212287057548,-1.055186203404297
R050,1572177600,342,468,126,810,43,0.1533563906227624,-0.4565673871320525
R050,1572192000,486,392,-94,878,43,-0.1912479501735228,-0.38090552931325583
R050,1572206400,502,294,-208,796,43,-0.3698156540406888,-0.4721448284476872
R050,1572220800,258,130,-128,388,43,-0.24450498466022144,-0.9261159753604674
R050,1572235200,51,22,-29,73,43,-0.08943303130189308,-1.2766084049622461
R050,1572249600,179,810,631,989,43,0.9443799910869627,-0.25739867316786713
R050,1572264000,737,2015,1278,2752,43,1.9578300297014923,1.704246258222406
R050,1572278400,795,767,-28,1562,43,-0.08786664793463723,0.3801637463934639
R050,1572292800,1744,650,-1094,2394,43,-1.7576313174293647,1.3059088302940354
R050,1572307200,369,142,-227,511,44,-0.522861228999716,-0.7584661136859386
R050,1572321600,42,30,-12,72,44,-0.22386623536438635,-1.2084068706718745
R050,1572336000,199,979,780,1178,44,0.8775478807248279,-0.07484314122666941
R050,1572350400,753,2065,1312,2818,44,1.6173866556736436,1.606028934985027
R050,1572364800,835,853,18,1688,44,-0.18214600369434036,0.4478670775952606
R050,1572379200,1919,583,-1336,2502,44,-2.0651191264024162,1.2821535837149685
R050,1572393600,478,135,-343,613,44,-0.6841794581238939,-0.6539240699215526
R050,1572408000,44,25,-19,69,44,-0.2336009560873971,-1.2114816366649446
R050,1572422400,182,956,774,1138,44,0.8692038343908187,-0.11584002113427176
R050,1572436800,810,2379,1569,3189,44,1.9747899736470378,1.9862749961280388
R050,1572451200,848,877,29,1725,44,-0.1668485854153235,0.4857891915097928
R050,1572465600,1844,795,-1049,2639,44,-1.6659955767589762,1.4225678973985065
R050,1572480000,440,159,-281,599,44,-0.5979576460057988,-0.6682729778892135
R050,1572494400,50,17,-33,67,44,-0.25307039753341853,-1.2135314806603248
R050,1572508800,207,744,537,951,44,0.5396140041974554,-0.30750043470231275
R050,1572523200,649,2325,1676,2974,44,2.123592133270202,1.7659167666246762
R050,1572537600,884,742,-142,1626,44,-0.40465390593458567,0.38432191373847696
R050,1572552000,1689,536,-1153,2225,44,-1.8106257132151358,0.9982501903548222
R050,1572566400,338,156,-182,494,44,-0.460280881494647,-0.7758897876466696
R050,1572580800,45,29,-16,74,44,-0.2294289329203925,-1.2063570266764942
R050,1572595200,153,877,724,1030,44,0.7996701149407421,-0.22653159688479813
R050,1572609600,661,2183,1522,2844,44,1.9094282773639657,1.6326769069249687
R050,1572624000,888,859,-29,1747,44,-0.24750769997741243,0.5083374754589741
R050,1572638400,1624,678,-946,2302,44,-1.5227561146918185,1.0771691841769566
R050,1572652800,434,195,-239,629,44,-0.5395493216677344,-0.6375253179585118
R050,1572667200,73,39,-34,112,44,-0.25446107192242007,-1.167409990764272
R050,1572681600,75,477,402,552,44,0.3518729616822484,-0.7164443117806463
R050,1572696000,341,1010,669,1351,44,0.7231830235456578,0.10246836437371078
R050,1572710400,551,935,384,1486,44,0.3268408226802208,0.2408328340618687
R050,1572724800,602,591,-11,1193,44,-0.22247556097538482,-0.059469311261318526
R050,1572739200,330,208,-122,538,44,-0.376840418154555,-0.730793219748307
R050,1572750000,63,57,-6,120,44,-0.21552218903037715,-1.1592106147827517
R050,1572764400,40,128,88,168,44,-0.08479879646423304,-1.1100143588936289
R050,1572778800,202,526,324,728,44,0.2434003593401288,-0.5360580401871958
R050,1572793200,464,988,524,1452,44,0.5215352371404355,0.2059854861404067
R050,1572807600,517,646,129,1163,44,-0.02778114651517017,-0.0902169711920203
R050,1572822000,235,103,-132,338,44,-0.39074716204457033,-0.9357776192863189
R050,1572836400,49,42,-7,91,44,-0.21691286341937868,-1.1889333527157633
R050,1572850800,70,456,386,526,44,0.32962217145822387,-0.7430922837205878
R050,1572865200,716,2731,2015,3447,44,2.5950307511417217,2.2507048715320743
R050,1572879600,692,840,148,1532,44,-0.0013583331241410399,0.2879792459556114
R050,1572894000,1742,838,-904,2580,44,-1.464347790353754,1.362097499534793
R050,1572908400,547,166,-381,713,44,-0.7370250849059521,-0.5514318701525468
R050,1572922800,80,39,-41,119,45,-0.2681673795380364,-1.0876835579803241
R050,1572937200,68,464,396,532,45,0.33075499622749294,-0.6930433513888183
R050,1572951600,712,2486,1774,3198,45,2.21934775092978,1.8544404035093753
R050,1572966000,664,1039,375,1703,45,0.3019738294286918,0.42590018836578963
R050,1572980400,1705,876,-829,2581,45,-1.3481464003692425,1.264868956858143
R050,1572994800,581,212,-369,793,45,-0.7177017943002644,-0.4436460295476974
R050,1573009200,205,67,-138,272,45,-0.4011089595134513,-0.941485127935529
R050,1573023600,70,469,399,539,45,0.33486659148446457,-0.6863545343279454
R050,1573038000,773,2731,1958,3504,45,2.4715255933573714,2.1468372635989654
R050,1573052400,720,1088,368,1808,45,0.29238010716242474,0.5262324442788843
R050,1573066800,1804,976,-828,2780,45,-1.3467758686169187,1.4550224704458177
R050,1573081200,657,240,-417,897,45,-0.7834873184118099,-0.34426931892901314
R050,1573095600,120,53,-67,173,45,-0.30380120509845693,-1.0360841120821611
R050,1573110000,68,469,401,537,45,0.33760765498911227,-0.6882656249167662
R050,1573124400,680,2784,2104,3464,45,2.6716232291966557,2.1086154518225486
R050,1573138800,736,982,246,1718,45,0.1251752333789131,0.440233367781946
R050,1573153200,1822,878,-944,2700,45,-1.5057575518864874,1.3785788468929836
R050,1573167600,593,200,-393,793,45,-0.7505945563560371,-0.4436460295476974
R050,1573182000,126,64,-62,190,45,-0.2969485463368376,-1.019839842077184
R050,1573196400,74,461,387,535,45,0.31842021045657815,-0.6901767155055871
R050,1573210800,692,2577,1885,3269,45,2.371476775437729,1.9222841194125155
R050,1573225200,774,1110,336,1884,45,0.248523091088061,0.5988538866540766
R050,1573239600,1724,776,-948,2500,45,-1.5112396788957827,1.1874697880108986
R050,1573254000,513,156,-357,669,45,-0.701255413272378,-0.5621336460545902
R050,1573268400,174,72,-102,246,45,-0.35176981642979216,-0.9663293055902
R050,1573282800,33,156,123,189,45,-0.043400172156922406,-1.0207953873715943
R050,1573297200,264,709,445,973,45,0.3979110520913624,-0.27164787655382083
R050,1573311600,478,713,235,1191,45,0.11009938410335056,-0.06333900237234813
R050,1573326000,626,547,-79,1173,45,-0.3202475861263433,-0.08053881767173578
R050,1573340400,385,235,-150,620,45,-0.41755534054133775,-0.608955365480701
R050,1573354800,133,59,-74,192,45,-0.31339492736472396,-1.017928751488363
R050,1573369200,30,85,55,115,45,-0.13659633131494528,-1.0915057391579657
R050,1573383600,207,459,252,666,45,0.13339842389285628,-0.5650002819378214
R050,1573398000,436,590,154,1026,45,-0.0009136878348825642,-0.2210039759500683
R050,1573412400,490,425,-65,915,45,-0.30106014159380917,-0.3270695036296255
R050,1573426800,287,145,-142,432,45,-0.4065910865227468,-0.7885978808298609
R050,1573441200,71,36,-35,107,45,-0.2599441890240932,-1.0991501015132492
R050,1573455600,60,392,332,452,45,0.24304096407876555,-0.7694869749416524
R050,1573470000,612,2029,1417,2641,45,1.73006791535016,1.3222016745227685
R050,1573484400,665,850,185,1515,45,0.041572796487157275,0.24625767301662965
R050,1573498800,1668,768,-900,2436,45,-1.4454541547842372,1.1263148891686314
R050,1573513200,575,184,-391,759,45,-0.7478534928513894,-0.4761345695576518
R050,1573527600,146,64,-82,210,46,-0.27565975946466253,-1.01123505306209
R050,1573542000,72,465,393,537,46,0.4133248103525399,-0.679581304635891
R050,1573556400,773,2465,1692,3238,46,2.297516297073689,2.059858372731582
R050,1573570800,701,895,194,1596,46,0.12467653794491193,0.3944900090746435
R050,1573585200,1787,826,-961,2613,46,-1.5506438370842854,1.4259635936295194
R050,1573599600,589,181,-408,770,46,-0.7485207484339425,-0.4432653309866421
R050,1573614000,152,56,-96,208,46,-0.2959666731013801,-1.0132635163552166
R050,1573628400,66,510,444,576,46,0.4872999957434395,-0.6400262704199222
R050,1573642800,744,2416,1672,3160,46,2.268506420449807,1.9807483042996443
R050,1573657200,771,902,131,1673,46,0.033295426579682985,0.47258584586001756
R050,1573671600,1776,848,-928,2624,46,-1.5027775406548798,1.4371201417417157
R050,1573686000,639,206,-433,845,46,-0.7847830942137952,-0.3671979574943946
R050,1573700400,152,69,-83,221,46,-0.27711025329585665,-1.0000785049498937
R050,1573714800,85,415,330,500,46,0.3219436989873109,-0.717107875558733
R050,1573729200,700,2527,1827,3227,46,2.4933329642848943,2.0487018246193855
R050,1573743600,767,911,144,1678,46,0.05215184638520642,0.47765700409283407
R050,1573758000,1819,809,-1010,2628,46,-1.6217180348127969,1.4411770683279688
R050,1573772400,672,226,-446,898,46,-0.8036395140193187,-0.31344368022653973
R050,1573786800,199,67,-132,266,46,-0.34818445102436807,-0.9544380808545452
R050,1573801200,68,458,390,526,46,0.40897332885895754,-0.6907378527480873
R050,1573815600,715,2396,1681,3111,46,2.281560864930554,1.9310509536180427
R050,1573830000,822,913,91,1735,46,-0.02472432666808143,0.5354682079469422
R050,1573836868,570,308,-262,878,46,-0.5367486490796024,-0.3337283131578057
R050,1573836932,634,494,-140,1128,46,-0.35978840167392095,-0.0801704015169808
R050,1573844400,1059,334,-725,1393,46,-1.2083272929224753,0.18860098482229365
R050,1573858800,503,204,-299,707,46,-0.5904169208337845,-0.50716192472013
R050,1573873200,156,83,-73,239,46,-0.26260531498391554,-0.9818223353117543
R050,1573887600,35,173,138,208,46,0.04344888339804176,-1.0132635163552166
R050,1573902000,261,700,439,961,46,0.48004752658746896,-0.24954708649305185
R050,1573916400,541,713,172,1254,46,0.09276567365864151,0.04762278594999498
R050,1573930800,646,569,-77,1215,46,-0.268407290308692,0.008067751734026291
R050,1573945200,389,208,-181,597,46,-0.41925864875287944,-0.618727405842093
R050,1573959600,112,54,-58,166,46,-0.24084790751600388,-1.0558612455108751
R050,1573974000,22,91,69,113,46,-0.056635190954351856,-1.10961552277873
R050,1573988400,174,443,269,617,46,0.23346357528447018,-0.5984427729108269
R050,1574002800,478,589,111,1067,46,0.004285549955800778,-0.1420385319573421
R050,1574017200,412,469,57,881,46,-0.07404111692868118,-0.3306856182181158
R050,1574031600,264,132,-132,396,46,-0.34818445102436807,-0.8225879668013162
R050,1574046000,52,25,-27,77,46,-0.19588259874898648,-1.1461278620550088
R050,1574060400,56,384,328,440,46,0.3190427113249227,-0.777961774352531
R050,1574074800,728,2536,1808,3264,46,2.465773581492206,2.0862283955422276
R050,1574089200,614,847,233,1461,46,0.18124579736148225,0.25756873678859804
R050,1574103600,1689,787,-902,2476,46,-1.465064701043833,1.2870138580503474
R050,1574118000,568,164,-404,732,46,-0.742718773109166,-0.4818061335560475
R050,1574132400,96,33,-63,129,47,-0.1958157323829081,-1.117679641815095
R050,1574146800,58,247,189,305,47,0.18107346775178895,-0.943300952684949
R050,1574161200,789,2257,1468,3046,47,2.0939357176417794,1.7724489729157884
R050,1574175600,730,895,165,1625,47,0.14517925821515115,0.3645392157911449
R050,1574190000,1693,851,-842,2544,47,-1.3608819502596103,1.2750733936923042
R050,1574204400,621,222,-399,843,47,-0.6983346658958375,-0.4102570052302986
R050,1574218800,143,73,-70,216,47,-0.20628487683109412,-1.031481085256443
R050,1574233200,96,506,410,602,47,0.5115993139016621,-0.6490369147778279
R050,1574247600,723,2397,1674,3120,47,2.4020276828312537,1.8457672853909635
R050,1574262000,770,915,145,1685,47,0.11526741693461964,0.4239864961764219
R050,1574276400,1786,872,-914,2658,47,-1.4685645788695239,1.3880232264243304
R050,1574290800,617,219,-398,836,47,-0.6968390738318109,-0.4171925212752476
R050,1574305200,187,73,-114,260,47,-0.2720909276482634,-0.9878864129739068
R050,1574319600,61,516,455,577,47,0.578900956782858,-0.6738066149383599
R050,1574334000,840,2548,1708,3388,47,2.452877813008157,2.1112984711118674
R050,1574348400,738,885,147,1623,47,0.11825860106267279,0.36255763977830235
R050,1574362800,1785,884,-901,2669,47,-1.4491218820371785,1.3989218944949646
R050,1574377200,676,208,-468,884,47,-0.8015305183136712,-0.369634696967026
R050,1574391600,200,70,-130,270,47,-0.29602040067268864,-0.9779785329096939
R050,1574406000,62,524,462,586,47,0.589370101231044,-0.6648895228805684
R050,1574420400,700,2349,1649,3049,47,2.3646378812305895,1.7754213369350522
R050,1574434800,814,953,139,1767,47,0.1062938645504602,0.5052311127029672
R050,1574449200,1730,787,-943,2517,47,-1.5119367487262945,1.2483221175189296
R050,1574463600,539,185,-354,724,47,-0.6310330230146416,-0.5281607779944313
R050,1574478000,194,60,-134,254,47,-0.30200276892879496,-0.9938311410124344
R050,1574492400,87,122,35,209,47,-0.04924771010830367,-1.0384166013013922
R050,1574506800,476,687,211,1163,47,0.2139764931603736,-0.09320484317548795
R050,1574521200,711,736,25,1447,47,-0.06420363074856943,0.18817895064815648
R050,1574535600,849,558,-291,1407,47,-0.5368107229809673,0.14854743039130516
R050,1574550000,481,246,-235,727,47,-0.4530575673954791,-0.5251884139751675
R050,1574564400,173,65,-108,238,47,-0.263117375264104,-1.0096837491151749
R050,1574578800,45,61,16,106,47,-0.0776639593248086,-1.1404677659627844
R050,1574593200,233,412,179,645,47,0.1661175471115232,-0.6064330305017127
R050,1574607600,469,499,30,968,47,-0.05672567042843655,-0.2864085044276382
R050,1574622000,544,381,-163,925,47,-0.34537493878556563,-0.3290123887037534
R050,1574636400,346,130,-216,476,47,-0.42464131817897416,-0.7738762035869096
R050,1574650800,74,38,-36,112,47,-0.15543474665419052,-1.1345230379242566
R050,1574665200,70,283,213,353,47,0.21696767728842675,-0.8957431283767274
R050,1574679600,724,2228,1504,2952,47,2.147777031946736,1.6793149003121877
R050,1574694000,691,860,169,1551,47,0.15116162647125744,0.29122090331596995
R050,1574708400,1762,825,-937,2587,47,-1.502963196342135,1.3176772779684194
R050,1574722800,589,165,-424,754,47,-0.7357244674965019,-0.49843713780179283
R050,1574737200,100,42,-58,142,48,-0.28938574180970417,-0.92066448004232
R050,1574751600,75,449,374,524,48,0.5742022350645183,-0.4512326832521661
R050,1574766000,729,2403,1674,3132,48,3.1729623506582434,2.753683877032445
R050,1574780400,746,868,122,1614,48,0.07044258188788853,0.8882454803637181
R050,1574794800,1748,797,-951,2545,48,-2.074534036598317,2.0323318751585697
R050,1574809200,615,187,-428,802,48,-1.0290328516325338,-0.10960430757765617
R050,1574823600,112,41,-71,153,48,-0.31537334296564146,-0.9071468105012422
R050,1574838000,62,423,361,485,48,0.548214633908581,-0.49915896617053257
R050,1574852400,579,2107,1528,2686,48,2.8811015992146403,2.2056038210942024
R050,1574866800,926,771,-155,1697,48,-0.48329322735785135,0.9902424414463955
R050,1574881200,1293,742,-551,2035,48,-1.2749155394925555,1.4056035600722385
R050,1574895600,431,174,-257,605,48,-0.6871959441198205,-0.35169348026786645
R050,1574910000,94,46,-48,140,48,-0.26939527938206015,-0.9231222381406977
R050,1574924400,25,93,68,118,48,-0.03750591522138929,-0.9501575772228532
R050,1574938800,110,417,307,527,48,0.44026613679930326,-0.4475460461045994
R050,1574953200,309,290,-19,599,48,-0.21142293834189244,-0.35906675456299975
R050,1574967600,219,185,-34,404,48,-0.2414086319833585,-0.5986981691548322
R050,1574982000,143,95,-48,238,48,-0.26939527938206015,-0.802692091320187
R050,1574996400,37,34,-3,71,48,-0.17943819845766196,-1.0079148925347308
R050,1575010800,22,234,212,256,48,0.2503567437366849,-0.7805722684347871
R050,1575025200,178,982,804,1160,48,1.433792119453212,0.3303343920319645
R050,1575039600,480,813,333,1293,48,0.49224133911117773,0.49377530557408617
R050,1575054000,723,645,-78,1368,48,-0.32936666666499226,0.5859412342632525
R050,1575068400,313,188,-125,501,48,-0.42332184007491924,-0.4794969013835104
R050,1575082800,126,37,-89,163,48,-0.3513561753354007,-0.8948580200093534
R050,1575097200,38,107,69,145,48,-0.035506868978624886,-0.9169778428947534
R050,1575111600,214,608,394,822,48,0.6141831599198064,-0.08502672659387848
R050,1575126000,446,629,183,1075,48,0.19238440269651716,0.22587967285090932
R050,1575140400,651,528,-123,1179,48,-0.41932374758939045,0.3536830939665533
R050,1575154800,414,236,-178,650,48,-0.5292712909414327,-0.2963939230543666
R050,1575169200,136,65,-71,201,48,-0.31537334296564146,-0.8481606161401758
R050,1575183600,26,73,47,99,48,-0.07948588631944177,-0.973506279157442
R050,1575198000,166,420,254,586,48,0.33431668593278985,-0.3750421822024552
R050,1575212400,332,506,174,838,48,0.17439298651163754,-0.06536466180685634
R050,1575226800,347,302,-45,649,48,-0.26339814065376693,-0.2976228021035555
R050,1575241200,253,121,-132,374,48,-0.4373151637742701,-0.6355645406304987
R050,1575255600,60,31,-29,91,48,-0.23141340076953648,-0.983337311550953
R050,1575270000,63,290,227,353,48,0.28034243737815095,-0.6613710006634653
R050,1575284400,673,1899,1226,2572,48,2.2773896338997903,2.0655116094866695
R050,1575298800,655,798,143,1453,48,0.112422552985941,0.6903959534443077
R050,1575313200,1650,733,-917,2383,48,-2.0065664643443273,1.8332534691899702
R050,1575327600,574,128,-446,702,48,-1.065015684002293,-0.23249221249654464
R050,1575342000,85,25,-60,110,49,-0.22903956576233817,-1.1009849069329056
R050,1575356400,71,236,165,307,49,0.11262166493286242,-0.9021255317017749
R050,1575370800,734,1896,1162,2630,49,1.6265605405022625,1.442799994500846
R050,1575385200,688,919,231,1607,49,0.21284229260345464,0.4101444571330969
R050,1575399600,1629,820,-809,2449,49,-1.366391840387695,1.260091634516914
R050,1575414000,613,176,-437,789,49,-0.8015119389716299,-0.41557619737992246
R050,1575428400,107,36,-71,143,49,-0.24574300370743685,-1.0676734379855588
R050,1575442800,78,412,334,490,49,0.36924721154392426,-0.717398294811943
R050,1575457200,760,2407,1647,3167,49,2.3630303044452505,1.984868443734943
R050,1575471600,726,700,-26,1426,49,-0.17741075756839675,0.22743609714916474
R050,1575486000,1758,839,-919,2597,49,-1.5334262198386819,1.4094885255534992
R050,1575500400,725,214,-511,939,49,-0.9138805215113848,-0.2641604294374372
R050,1575514800,141,48,-93,189,49,-0.27914987959763427,-1.0212392691498633
R050,1575529200,65,420,355,485,49,0.4011355930754763,-0.7224454870766925
R050,1575543600,748,2447,1699,3195,49,2.441992011094808,2.0131327204175404
R050,1575558000,761,909,148,1670,49,0.08680726083589171,0.4737390796689407
R050,1575572400,1715,839,-876,2554,49,-1.4681309624169325,1.3660826720766535
R050,1575586800,667,202,-465,869,49,-0.8440297810136993,-0.33482112114393037
R050,1575601200,132,37,-95,169,49,-0.2821868683149249,-1.0414280382088614
R050,1575615600,75,452,377,527,49,0.43454246896567367,-0.6800490720527966
R050,1575630000,689,2313,1624,3002,49,2.328104934196408,1.8183110989982094
R050,1575644400,796,874,78,1670,49,-0.019487344269281805,0.4737390796689407
R050,1575658800,1738,824,-914,2562,49,-1.5258337480454551,1.3741581797002527
R050,1575673200,565,225,-340,790,49,-0.6542179861830323,-0.4145667589269726
R050,1575687600,163,44,-119,207,49,-0.318630732922413,-1.0030693769967651
R050,1575702000,21,129,108,150,49,0.026067486490078274,-1.0606073688149094
R050,1575716400,213,691,478,904,49,0.5879103991888526,-0.2994907752906838
R050,1575730800,481,761,280,1242,49,0.2872485161770761,0.04169942180638288
R050,1575745200,604,561,-43,1165,49,-0.20322516166536744,-0.036027339070759536
R050,1575759600,396,215,-181,611,49,-0.4127773831584238,-0.5952562420050049
R050,1575774000,161,62,-99,223,49,-0.2882608457495063,-0.9869183617495667
R050,1575788400,21,73,52,94,49,-0.058968197594060544,-1.117135922180104
R050,1575802800,178,510,332,688,49,0.36621022282663357,-0.5175294811278625
R050,1575817200,390,699,309,1089,49,0.33128485257779083,-0.11274466149495203
R050,1575831600,460,456,-4,916,49,-0.14400388167819936,-0.287377513855285
R050,1575846000,252,131,-121,383,49,-0.32166772163970364,-0.8254082092775824
R050,1575860400,78,48,-30,126,49,-0.1834847350029781,-1.0848338916857072
R050,1575874800,44,389,345,433,49,0.3859506494890229,-0.7749362866300874
R050,1575889200,723,2337,1614,3060,49,2.3129199906099545,1.8768585292693036
R050,1575903600,692,838,146,1530,49,0.08377027211860104,0.33241769625595446
R050,1575918000,1778,761,-1017,2539,49,-1.6822386669859246,1.350941095282405
R050,1575932400,586,147,-439,733,49,-0.8045489276889206,-0.47210475074511693
R050,1575946800,97,27,-70,124,50,-0.22897603635214722,-1.078227762096566
R050,1575961200,57,283,226,340,50,0.2219395479865023,-0.863984989734386
R050,1575975600,750,2243,1493,2993,50,2.1520410525711946,1.7674320245103505
R050,1575990000,786,901,115,1687,50,0.052846203859508716,0.47205674346865206
R050,1576004400,1799,853,-946,2652,50,-1.5634424278408532,1.4292061662904276
R050,1576018800,692,182,-510,874,50,-0.8992559590177074,-0.33432924695010807
R050,1576033200,146,64,-82,210,50,-0.24725639787938974,-0.9929273990264387
R050,1576047600,62,317,255,379,50,0.2661170883440051,-0.8253022669467702
R050,1576062000,709,2200,1491,2909,50,2.1489943256499875,1.6841153908139472
R050,1576076400,726,894,168,1620,50,0.13358446727149664,0.40560180944890184
R050,1576090800,1780,848,-932,2628,50,-1.5421153393924036,1.4054014138057411
R050,1576105200,670,232,-438,902,50,-0.7895737898542521,-0.30655703571797366
R050,1576119600,140,36,-104,176,50,-0.28077039401266773,-1.0266507983797448
R050,1576134000,59,407,348,466,50,0.4077898901801349,-0.7390100391897811
R050,1576148400,811,2451,1640,3262,50,2.375975481279916,2.0342436252762135
R050,1576162800,775,942,167,1717,50,0.1320611038108931,0.5018126840745104
R050,1576177200,1728,791,-937,2519,50,-1.5497321566954214,1.2972881629377893
R050,1576191600,660,215,-445,875,50,-0.8002373340784769,-0.33333738226324616
R050,1576206000,145,42,-103,187,50,-0.27924703055206423,-1.0157402868242633
R050,1576220400,58,388,330,446,50,0.38036934788927107,-0.75884733292702
R050,1576234800,665,2236,1571,2901,50,2.270863402498271,1.6761804733190517
R050,1576249200,837,931,94,1768,50,0.020855571186834256,0.5523977831044695
R050,1576263600,1727,856,-871,2583,50,-1.4491901682955874,1.3607675028969535
R050,1576278000,521,168,-353,689,50,-0.6600878957029507,-0.5178242140195677
R050,1576292400,161,55,-106,216,50,-0.28381712093387484,-0.986976210905267
R050,1576306800,28,83,55,111,50,-0.03855560377670403,-1.0911220030257711
R050,1576321200,213,456,243,669,50,0.24783672681676258,-0.5376615077568065
R050,1576335600,511,716,205,1227,50,0.18994891531382782,0.015798987512158004
R050,1576350000,614,585,-29,1199,50,-0.16651813446740185,-0.011973223719976417
R050,1576364400,411,204,-207,615,50,-0.43767683045483297,-0.5912222008473514
R050,1576378800,166,44,-122,210,50,-0.30819093630353156,-0.9929273990264387
R050,1576393200,24,83,59,107,50,-0.03246214993428984,-1.0950894617732188
R050,1576407600,167,490,323,657,50,0.36970580366504624,-0.5495638839991499
R050,1576422000,409,600,191,1009,50,0.1686218268653782,-0.20042751422374572
R050,1576436400,464,438,-26,902,50,-0.16194804408559121,-0.30655703571797366
R050,1576450800,265,138,-127,403,50,-0.31580775360654934,-0.8014975144620835
R050,1576465200,77,35,-42,112,50,-0.18632185945524796,-1.090130138338909
R050,1576479600,45,410,365,455,50,0.43368706901039517,-0.7499205507452624
R050,1576494000,713,2306,1593,3019,50,2.3043773986315492,1.793220506368761
R050,1576508400,692,943,251,1635,50,0.26002363450159094,0.420479779751831
R050,1576522800,1763,826,-937,2589,50,-1.5497321566954214,1.3667186910181253
R050,1576537200,623,200,-423,823,50,-0.7667233379451989,-0.38491434598006724
R050,1576551600,102,40,-62,142,51,-0.3176855965334252,-1.0578245996999376
R050,1576566000,68,239,171,307,51,0.06089102885333796,-0.8813762177637569
R050,1576580400,668,2239,1571,2907,51,2.3356003659411853,1.8990225278972743
R050,1576594800,785,891,106,1676,51,-0.04472047608288352,0.5826106602400707
R050,1576609200,1708,800,-908,2508,51,-1.6922599530879388,1.4723382588516005
R050,1576623600,626,202,-424,828,51,-0.9058604394089972,-0.3242270844986041
R050,1576638000,119,38,-81,157,51,-0.34855665182247453,-1.0417838377057393
R050,1576652400,68,239,171,307,51,0.06089102885333796,-0.8813762177637569
R050,1576666800,672,2236,1564,2908,51,2.324226819255746,1.9000919120302209
R050,1576681200,779,1021,242,1800,51,0.1762512880913645,0.7152142927254429
R050,1576695600,1636,858,-778,2494,51,-1.4810369432154957,1.4573668809903488
R050,1576710000,595,163,-432,758,51,-0.9188587784780705,-0.3990839738048626
R050,1576724400,125,35,-90,160,51,-0.36317978327518213,-1.0385756853068997
R050,1576738800,64,389,325,453,51,0.31110905593300114,-0.7252461343535604
R050,1576753200,646,2339,1693,2985,51,2.5338250367445547,1.9824344902671052
R050,1576767600,750,922,172,1672,51,0.06251582123697214,0.5783331237082845
R050,1576782000,1540,823,-717,2363,51,-1.381924607813811,1.3172775595743509
R050,1576796400,599,178,-421,777,51,-0.9009860622580946,-0.37876567527887817
R050,1576810800,121,38,-83,159,51,-0.3518062365897429,-1.0396450694398462
R050,1576825200,63,361,298,424,51,0.2672396615748784,-0.7562582742090105
R050,1576839600,550,2120,1570,2670,51,2.333975573557551,1.6455784883889417
R050,1576854000,829,976,147,1805,51,0.021896011646117722,0.7205612133901756
R050,1576868400,1613,796,-817,2409,51,-1.5444038461772285,1.3664692296898922
R050,1576882800,445,184,-261,629,51,-0.6410192808766264,-0.5370345269549676
R050,1576897200,119,55,-64,174,51,-0.32093518130069354,-1.023604307445648
R050,1576911600,28,132,104,160,51,-0.047970060850151874,-1.0385756853068997
R050,1576926000,161,689,528,850,51,0.6409419098107391,-0.30070063357377996
R050,1576940400,368,766,398,1134,51,0.42971889993829604,0.0030044601830403546
R050,1576954800,545,605,60,1150,51,-0.11946092573005565,0.020114606310185162
R050,1576969200,306,211,-95,517,51,-0.371303745193353,-0.6568055498449813
R050,1576983600,105,42,-63,147,51,-0.3193103889170594,-1.0524776790352048
R050,1576998000,22,74,52,96,51,-0.13245926479912906,-1.107016269815479
R050,1577012400,126,457,331,583,51,0.32085781023480625,-0.5862261970705089
R050,1577026800,369,679,310,1048,51,0.28673717017848854,-0.08896257525036298
R050,1577041200,440,470,30,910,51,-0.16820469723908094,-0.23653758559698693
R050,1577055600,256,149,-107,405,51,-0.3908012537969631,-0.7765765727349949
R050,1577070000,69,34,-35,103,51,-0.27381620217530245,-1.0995305808848532
R050,1577084400,41,313,272,354,51,0.22499505960038982,-0.8311151635152689
R050,1577098800,458,1752,1294,2210,51,1.8855328756745182,1.1536617872335286
R050,1577113200,675,982,307,1657,51,0.281862793027586,0.5622923617140863
R050,1577127600,1269,806,-463,2075,51,-0.96922734237073,1.0092949292857443
R050,1577142000,423,216,-207,639,51,-0.5532804921603808,-0.5263406856255021
R050,1577156400,82,39,-43,121,52,-0.46502398018479607,-1.0056629373021988
R050,1577170800,41,312,271,353,52,0.34825536877612834,-0.6352500752992456
R050,1577185200,296,1243,947,1539,52,2.099137024500921,1.2583260209744718
R050,1577199600,729,748,19,1477,52,-0.3044401596893269,1.15933637681851
R050,1577214000,691,470,-221,1161,52,-0.9260549487040461,0.6548085130558671
R050,1577228400,205,116,-89,321,52,-0.5841668147459506,-0.6863415045410323
R050,1577242800,70,41,-29,111,52,-0.4287631174922708,-1.021629008940257
R050,1577257200,14,39,25,53,52,-0.28889978996395893,-1.1142322244409955
R050,1577271600,63,174,111,237,52,-0.06615449056701785,-0.8204565063007222
R050,1577286000,170,227,57,397,52,-0.20601781809532968,-0.564999360091789
R050,1577300400,223,270,47,493,52,-0.23191843430427633,-0.4117250723664291
R050,1577314800,131,102,-29,233,52,-0.4287631174922708,-0.8268429349559455
R050,1577329200,35,29,-6,64,52,-0.3691917002116935,-1.0966695456391313
R050,1577343600,36,321,285,357,52,0.38451623146865366,-0.6288636466440223
R050,1577358000,296,1349,1053,1645,52,2.3736835563157554,1.42756638033789
R050,1577372400,507,801,294,1308,52,0.40782678605670564,0.8895097661353245
R050,1577386800,1021,679,-342,1700,52,-1.2394524048323006,1.5153797743472108
R050,1577401200,333,142,-191,475,52,-0.8483531000772062,-0.4404640013149341
R050,1577415600,74,34,-40,108,52,-0.4572537953221121,-1.0264188304316746
R050,1577430000,42,328,286,370,52,0.3871062930895483,-0.6081077535145465
R050,1577444400,327,1462,1135,1789,52,2.586068609229118,1.65747781192593
R050,1577458800,580,801,221,1381,52,0.21875228773139518,1.0060620890931502
R050,1577473200,1020,714,-306,1734,52,-1.1462101864800927,1.5696644179166093
R050,1577487600,386,208,-178,594,52,-0.8146822990055756,-0.25046774882204
