remote_unit_id,time_stamp,entries,exits,num_people_exited,sum_exit_entry,week_num,z_score_num_people_exited,z_score_sum_exit_entry
R175,1546300800,0,0,0,0,1,0.44113300722317295,-1.307306375932709
R175,1546315200,463,162,-301,625,1,-0.07624369537589486,-0.5899071417269263
R175,1546329600,129,86,-43,215,1,0.3672220497090204,-1.0605210393659197
R175,1546344000,194,282,88,476,1,0.5923926412056246,-0.7609351191615848
R175,1546358400,712,618,-94,1330,1,0.2795602163782813,0.21931919445719653
R175,1546372800,988,390,-598,1378,1,-0.5867449600666694,0.2744154556442006
R175,1546387200,386,175,-211,561,1,0.0784536575607035,-0.6633688233095985
R175,1546401600,87,41,-46,128,1,0.3620654712778005,-1.1603830127673647
R175,1546416000,216,423,207,639,1,0.7969369189773491,-0.5738373988807168
R175,1546430400,523,1026,503,1549,1,1.3057193241910503,0.47069588612290275
R175,1546444800,1135,652,-483,1787,1,-0.3890761202032382,0.7438815145084648
R175,1546459200,2418,690,-1728,3108,1,-2.5290561691595155,2.2601765359258073
R175,1546473600,660,199,-461,859,1,-0.35126121170762525,-0.3213128684402813
R175,1546488000,134,62,-72,196,1,0.31737512487389424,-1.0823299760857756
R175,1546502400,208,471,263,679,1,0.8931930496934547,-0.5279238478915467
R175,1546516800,541,1061,520,1602,1,1.3349399353012967,0.5315313411835532
R175,1546531200,1156,671,-485,1827,1,-0.3925138391573848,0.7897950654976349
R175,1546545600,2487,685,-1802,3172,1,-2.6562517704629407,2.3336382175084793
R175,1546560000,735,245,-490,980,1,-0.4011081365427514,-0.18242437669804176
R175,1546574400,155,51,-104,206,1,0.2623716216075482,-1.070851588338483
R175,1546588800,223,418,195,641,1,0.7763106052524693,-0.5715417213312582
R175,1546603200,613,1026,413,1639,1,1.1510219712544518,0.5740013758485355
R175,1546617600,1255,675,-580,1930,1,-0.5558054894793497,0.9080224592947479
R175,1546632000,2168,869,-1299,3037,1,-1.7916654534950633,2.17867998292003
R175,1546646400,830,299,-531,1129,1,-0.47158137510275727,-0.011396399263383178
R175,1546660800,304,77,-227,381,1,0.05095190592753045,-0.8699798027608638
R175,1546675200,130,169,39,299,1,0.5081685268290322,-0.9641025822886625
R175,1546689600,331,577,246,908,1,0.8639724385832084,-0.26506876847854793
R175,1546704000,796,783,-13,1579,1,0.41878783402121983,0.5051310493647804
R175,1546718400,1080,665,-415,1745,1,-0.2721936757622528,0.6956722859698362
R175,1546732800,629,265,-364,894,1,-0.1845318424315137,-0.2811385113247575
R175,1546747200,267,74,-193,341,1,0.10939312814802316,-0.915893353750034
R175,1546761600,104,99,-5,203,1,0.43253870983780635,-1.0742951046626708
R175,1546776000,275,471,196,746,1,0.7780294647295427,-0.45101864998468677
R175,1546790400,692,724,32,1416,1,0.496136510489519,0.31803332908391224
R175,1546804800,958,479,-479,1437,1,-0.3822006822949449,0.3421379433532265
R175,1546819200,454,146,-308,600,1,-0.08827571171540806,-0.6186031110951576
R175,1546833600,103,43,-60,146,1,0.3380014385987741,-1.1397219148222382
R175,1546848000,232,463,231,695,1,0.8381895464271087,-0.5095584274958787
R175,1546862400,569,1004,435,1573,1,1.1888368797500648,0.49824401671640484
R175,1546876800,1138,563,-575,1701,1,-0.5472111920939832,0.6451673798817491
R175,1546891200,2829,649,-2180,3478,1,-3.3059806527966535,2.68487688257563
R175,1546905600,744,183,-561,927,2,-0.38008103690886313,-0.343459384177136
R175,1546920000,116,40,-76,156,2,0.34853280854883895,-1.16828968347981
R175,1546933808,214,372,158,586,2,0.700070210274823,-0.7082675969685911
R175,1546934400,177,323,146,500,2,0.6820426512119521,-0.8002720142708348
R175,1546945668,504,927,423,1431,2,1.0981788062465572,0.19572929396624628
R175,1546948800,558,797,239,1355,2,0.821756233949202,0.1144230647224029
R175,1546963200,1123,516,-607,1639,2,-0.4491866799832019,0.41825160558097546
R175,1546977600,2584,634,-1950,3218,2,-2.466770998436179,2.1074955000024054
R175,1546992000,742,215,-527,957,2,-0.32900295289739534,-0.31136482000193466
R175,1547006400,153,45,-108,198,2,0.3004593177145163,-1.1233572936345282
R175,1547020083,229,401,172,630,2,0.7211023625148392,-0.6611955695116292
R175,1547020800,192,309,117,501,2,0.6384760501433472,-0.7992021954649948
R175,1547035200,667,1074,407,1741,2,1.074142060829396,0.52737312377666
R175,1547049600,1154,560,-594,1714,2,-0.42965682433175834,0.4984880160189788
R175,1547064000,2687,731,-1956,3418,2,-2.4757847779676143,2.3214592611704137
R175,1547078400,762,227,-535,989,2,-0.34102132560597603,-0.27713061821505325
R175,1547092800,149,54,-95,203,2,0.3199891733659599,-1.118008199605328
R175,1547107200,259,421,162,680,2,0.7060793966291133,-0.607704629219627
R175,1547121600,617,1051,434,1668,2,1.1147040687208556,0.44927635095033674
R175,1547136000,1139,632,-507,1771,2,-0.29895702112594374,0.5594676879518613
R175,1547150400,2735,825,-1910,3560,2,-2.4066791348932757,2.4733735315997003
R175,1547164800,889,225,-664,1114,2,-0.534817585531839,-0.14340326748504775
R175,1547179200,175,54,-121,229,2,0.28092946206307273,-1.090192910653487
R175,1547193600,245,413,168,658,2,0.7150931761605488,-0.6312406429481079
R175,1547208000,616,1058,442,1674,2,1.1267224414294361,0.455695263785377
R175,1547222400,1237,638,-599,1875,2,-0.43716830727462125,0.6707288437592259
R175,1547236800,2642,837,-1805,3479,2,-2.2489379930931546,2.3867182083266565
R175,1547251200,863,324,-539,1187,2,-0.34703051196026635,-0.06530649465872451
R175,1547265600,279,86,-193,365,2,0.17276410768584688,-0.9446975530592409
R175,1547280000,112,158,46,270,2,0.5318129923546938,-1.046330339614045
R175,1547294400,335,588,253,923,2,0.8427883861892183,-0.3477386594004962
R175,1547308800,828,824,-4,1652,2,0.4566981629260648,0.43215925005689604
R175,1547323200,1203,614,-589,1817,2,-0.4221453413888954,0.6086793530205034
R175,1547337600,652,330,-322,982,2,-0.02103215224001614,-0.28461934985593357
R175,1547352000,279,74,-205,353,2,0.1547365486229759,-0.9575353787293214
R175,1547366400,122,76,-46,198,2,0.39360170620601637,-1.1233572936345282
R175,1547380800,257,435,178,692,2,0.7301161420462746,-0.5948668035495464
R175,1547395200,678,705,27,1383,2,0.5032693571718149,0.14437799128592416
R175,1547409600,991,477,-514,1468,2,-0.3094730972459518,0.2353125897823279
R175,1547424000,473,153,-320,626,2,-0.018027559062870978,-0.6654748447349893
R175,1547438400,87,35,-52,122,2,0.38458792667458086,-1.2046635228783715
R175,1547452800,221,456,235,677,2,0.8157470475949118,-0.6109140856371471
R175,1547467200,589,1044,455,1633,2,1.1462522970808797,0.4118326927459352
R175,1547481600,1013,561,-452,1574,2,-0.21633070875445173,0.3487133832013726
R175,1547496000,2720,649,-2071,3369,2,-2.648548885653461,2.269038139684252
R175,1547510400,706,197,-509,903,3,-0.46856455013063675,-0.1624329263412302
R175,1547524800,183,42,-141,225,3,0.17803803408575894,-0.9251674392611386
R175,1547539200,226,465,239,691,3,0.8457254851787763,-0.40092808377341393
R175,1547540750,62,93,31,155,3,0.48025445931733524,-1.0039158403000672
R175,1547553600,626,1171,545,1797,3,1.383389590532627,0.843296652641658
R175,1547568000,1133,501,-632,1634,3,-0.6846844356160081,0.6599253759367242
R175,1547582400,2729,729,-2000,3458,3,-3.0883592595508707,2.711883711579664
R175,1547596800,846,251,-595,1097,3,-0.6196727627464248,0.055812642252371945
R175,1547611200,159,51,-108,210,3,0.23602141799646834,-0.9420420966266233
R175,1547622786,129,158,29,287,3,0.4767403148378983,-0.8554188554838019
R175,1547624929,58,96,38,154,3,0.4925539649953645,-1.0050408174577663
R175,1547625600,257,481,224,738,3,0.8193694015829993,-0.34805415736156187
R175,1547626896,55,74,19,129,3,0.45916959244071365,-1.0331652464002408
R175,1547640000,676,1168,492,1844,3,1.2902647618275482,0.89617057905351
R175,1547654400,1094,593,-501,1687,3,-0.45450797221288897,0.7195491652947702
R175,1547668800,2806,744,-2062,3550,3,-3.1972977384134156,2.8153816100879703
R175,1547683200,837,203,-634,1040,3,-0.6881985800954451,-0.008311055736469916
R175,1547697600,159,67,-92,226,3,0.2641345738319638,-0.9240424621034397
R175,1547712000,246,461,215,707,3,0.803555751425533,-0.3829284492502303
R175,1547726400,647,1119,472,1766,3,1.255123317033179,0.8084223607529896
R175,1547740800,1029,563,-466,1592,3,-0.3930104438227427,0.6126763353133671
R175,1547755200,2521,836,-1685,3357,3,-2.5348815040395536,2.598261018652067
R175,1547769600,808,284,-524,1092,3,-0.4949206337264137,0.05018775646387705
R175,1547784000,226,76,-150,302,3,0.16222438392829272,-0.8385441981183172
R175,1547797511,168,222,54,390,3,0.52066712083086,-0.739546208240807
R175,1547798400,253,418,165,671,3,0.7157021394396098,-0.42342762692739355
R175,1547812800,611,978,367,1589,3,1.07063073186274,0.6093014038402701
R175,1547827200,1167,598,-569,1765,3,-0.5739888845137447,0.8072973835952906
R175,1547841600,2344,780,-1564,3124,3,-2.3222757630336193,2.336141340908205
R175,1547856000,854,288,-566,1142,3,-0.5687176677945893,0.10643661434882605
R175,1547870400,274,89,-185,363,3,0.1007268555381464,-0.7699205914986794
R175,1547884800,135,152,17,287,3,0.4556554479612767,-0.8554188554838019
R175,1547899200,315,530,215,845,3,0.803555751425533,-0.22768160148777103
R175,1547913600,863,763,-100,1626,3,0.25007799591421603,0.6509255586751324
R175,1547928000,1070,619,-451,1689,3,-0.36665436022696574,0.7217991196101681
R175,1547942400,519,276,-243,795,3,-0.0011833343655246623,-0.28393045937272005
R175,1547956800,218,73,-145,291,3,0.17100974512688508,-0.850918946853006
R175,1547971200,108,81,-27,189,3,0.3783442694136641,-0.9656666169383019
R175,1547985600,229,445,216,674,3,0.8053128236652516,-0.4200526954542966
R175,1548000000,641,656,15,1297,3,0.4521413034818398,0.28080807379216793
R175,1548014400,932,348,-584,1280,3,-0.6003449681095218,0.2616834621112853
R175,1548028800,402,148,-254,550,3,-0.020511129002427794,-0.5595498630089701
R175,1548043200,100,58,-42,158,3,0.3519881858178871,-1.0005409088269703
R175,1548057600,132,220,88,352,3,0.5804075769812879,-0.7822953402333682
R175,1548062733,74,210,136,284,3,0.6647470444877742,-0.8587937869568988
R175,1548062813,1,1,0,2,3,0.4257852198860627,-1.176037345428011
R175,1548072000,323,432,109,755,3,0.6173060940153756,-0.3289295456806792
R175,1548086400,697,586,-111,1283,3,0.23075020127731294,0.2650583935843822
R175,1548100800,950,330,-620,1280,3,-0.6635995687393865,0.2616834621112853
R175,1548115200,369,117,-252,486,4,0.03766550469965418,-0.8138930281276885
R175,1548129600,87,41,-46,128,4,0.3877610352657994,-1.2165368972345316
R175,1548144000,220,433,213,653,4,0.8279296877737199,-0.6260675361141612
R175,1548158400,639,1017,378,1656,4,1.1083460108000012,0.5020101195119941
R175,1548172800,977,493,-484,1470,4,-0.3566168404039657,0.29281526014363435
R175,1548187200,2240,666,-1574,2906,4,-2.209064065244249,1.9078895507509712
R175,1548201600,697,187,-510,884,4,-0.4008036549414403,-0.3662610172211982
R175,1548216000,134,50,-84,184,4,0.32318030632641337,-1.1535534987150253
R175,1548230400,259,428,169,687,4,0.7531520016333781,-0.587827615584461
R175,1548244800,677,1459,782,2136,4,1.794941128997684,1.0418678211077614
R175,1548259200,1027,632,-395,1659,4,-0.20536197525645636,0.5053842301469677
R175,1548273600,2166,714,-1452,2880,4,-2.0017259354914834,1.8786472585812006
R175,1548288000,811,220,-591,1031,4,-0.5384625771543421,-0.20092959610749447
R175,1548302400,153,48,-105,201,4,0.2874909561230685,-1.1344335384501754
R175,1548316800,213,417,204,630,4,0.8126342519722863,-0.6519357176489583
R175,1548331200,674,1113,439,1787,4,1.212015075676384,0.6493462839058389
R175,1548345600,988,578,-410,1566,4,-0.23085436825884556,0.40078680046278775
R175,1548360000,2387,830,-1557,3217,4,-2.180172686508208,2.257672353243229
R175,1548374400,912,230,-682,1142,4,-0.6931164280355033,-0.07608750261347329
R175,1548388800,185,53,-132,238,4,0.2416046487187679,-1.0928195072855016
R175,1548403200,256,380,124,636,4,0.6766748226262105,-0.6451874963790113
R175,1548404854,56,76,20,132,4,0.499927564476312,-1.212038083054567
R175,1548417600,670,930,260,1600,4,0.9078058525145393,0.43902672099248796
R175,1548432000,1117,594,-523,1711,4,-0.42289706221017764,0.5638688144865092
R175,1548446400,2492,865,-1627,3357,4,-2.299137187186024,2.4151308495419945
R175,1548460800,849,308,-541,1157,4,-0.4534879338130447,-0.059216949438605566
R175,1548475200,308,106,-202,414,4,0.12264014804095157,-0.8948716833670536
R175,1548489600,132,172,40,304,4,0.5339174218128309,-1.0185890733160836
R175,1548504000,318,551,233,869,4,0.8619195451102388,-0.38313157039606593
R175,1548518400,814,894,80,1708,4,0.6018971364858688,0.5604947038515355
R175,1548532800,1148,643,-505,1791,4,-0.3923061906073106,0.6538450980858037
R175,1548547200,661,325,-336,986,4,-0.10509189611372544,-0.25154125563209767
R175,1548561600,306,103,-203,409,4,0.12094065517412561,-0.9004952010920095
R175,1548576000,117,103,-14,220,4,0.44214480700422976,-1.1130641710953428
R175,1548590400,255,508,253,763,4,0.8959094024467577,-0.5023501461651312
R175,1548604800,732,649,-83,1381,4,0.32487979919323934,0.19271664463941915
R175,1548619200,938,500,-438,1438,4,-0.2784401685299721,0.25682474670391653
R175,1548633600,460,160,-300,620,4,-0.043910152907991315,-0.6631827530988702
R175,1548648000,96,53,-43,149,4,0.39285951386627727,-1.1929181227897168
R175,1548662400,229,364,135,593,4,0.695369244161296,-0.6935497488136321
R175,1548676800,615,906,291,1521,4,0.9604901313861437,0.3501751409381846
R175,1548691200,909,571,-338,1480,4,-0.10849088184737733,0.30406229559354614
R175,1548705600,2609,626,-1983,3235,4,-2.9041566477760616,2.27791701705307
R175,1548720000,749,203,-546,952,5,-0.6175964550890102,-0.26340279051958065
R175,1548734400,115,63,-52,178,5,0.2336564089214759,-1.1997916025513706
R175,1548748800,241,467,226,708,5,0.7127015429192798,-0.558595129196269
R175,1548763200,670,1068,398,1738,5,1.0090891797812305,0.6875036775127022
R175,1548777600,1112,486,-626,1598,5,-0.7554511699085221,0.5181310241736188
R175,1548792000,2691,699,-1992,3390,5,-3.109320425451688,2.686100986913887
R175,1548806400,869,234,-635,1103,5,-0.7709598253257172,-0.08072228584671207
R175,1548820800,121,66,-55,187,5,0.2284868571157442,-1.188903360551001
R175,1548835200,279,434,155,713,5,0.590355483516963,-0.5525461058627303
R175,1548849600,674,1125,451,1799,5,1.100417928349157,0.7613017621818743
R175,1548862262,619,505,-114,1124,5,0.12681900493635417,-0.05531638784584955
R175,1548864000,973,515,-458,1488,5,-0.4659562687875471,0.38505251083576747
R175,1548878400,2484,673,-1811,3157,5,-2.7974241331725422,2.404216499570984
R175,1548892800,571,222,-349,793,5,-0.27812921984596206,-0.4557617325261112
R175,1548907200,120,69,-51,189,5,0.2353795928567198,-1.1864837512175856
R175,1548921600,232,411,179,643,5,0.6317118979628166,-0.637232432532272
R175,1548936000,599,1047,448,1646,5,1.0952483765434256,0.5762016481755903
R175,1548950400,901,473,-428,1374,5,-0.4142607507302301,0.2471347788310852
R175,1548964800,2055,679,-1376,2734,5,-2.0478391213414464,1.8924691255536104
R175,1548979200,674,242,-432,916,5,-0.4211534864712057,-0.3069557585210593
R175,1548993600,188,78,-110,266,5,0.13371174067732977,-1.0933287918810897
R175,1549008000,263,438,175,701,5,0.624819162221841,-0.5670637618632232
R175,1549011169,204,275,71,479,5,0.4456080329564755,-0.8356403978723412
R175,1549013488,269,326,57,595,5,0.4214834578630609,-0.6953030565342435
R175,1549019210,186,371,185,557,5,0.64205100157428,-0.7412756338691375
R175,1549020889,49,62,13,111,5,0.34566336471232934,-1.2808485152207891
R175,1549022400,500,873,373,1373,5,0.966009581400133,0.24592497416437747
R175,1549036800,913,613,-300,1526,5,-0.19369320701901105,0.43102508817066154
R175,1549051200,1801,829,-972,2630,5,-1.351672811502911,1.7666494402160053
R175,1549065600,742,322,-420,1064,5,-0.4004752792482789,-0.1279046678483139
R175,1549080000,261,132,-129,393,5,0.10097124590769568,-0.9396835992092067
R175,1549094400,139,177,38,316,5,0.3887429630934268,-1.0328385585457027
R175,1549108800,322,829,507,1151,5,1.1969162287228154,-0.0226516618447406
R175,1549123200,796,1115,319,1911,5,0.8729576488969624,0.8967998848531411
R175,1549137600,963,1032,69,1995,5,0.4421616650859877,0.9984234768565912
R175,1549152000,569,503,-66,1072,5,0.20953183382806131,-0.11822623051465198
R175,1549166400,255,129,-126,384,5,0.10614079771342738,-0.9505718412095764
R175,1549180800,112,135,23,247,5,0.36289520406476833,-1.1163150805485367
R175,1549195200,254,619,365,873,5,0.9522241099181818,-0.35897735918949203
R175,1549209600,599,863,264,1462,5,0.778182532458548,0.3535975895013662
R175,1549224000,817,604,-213,1421,5,-0.043776204652791834,0.3039955981663489
R175,1549238400,456,248,-208,704,5,-0.03516028497657234,-0.5634343478631
R175,1549252800,118,82,-36,200,5,0.26122735188537827,-1.1731758998838004
R175,1549267200,221,431,210,652,5,0.6851305999553774,-0.6263441905319024
R175,1549281600,590,1077,487,1667,5,1.1624525500179375,0.6016075461764527
R175,1549296000,1119,565,-554,1684,5,-0.6313819265709614,0.6221742255104843
R175,1549310400,2442,671,-1771,3113,5,-2.7284967757627863,2.3509850942358432
R175,1549324800,713,191,-522,904,6,-0.454080397414331,-0.3836766352196996
R175,1549339200,164,77,-87,241,6,0.23042681610538898,-1.0843574747963702
R175,1549353600,232,345,113,577,6,0.5451427763443406,-0.7292613027032159
R175,1549355463,82,94,12,176,6,0.38621121642367007,-1.1530516747548674
R175,1549368000,623,1000,377,1623,6,0.9605678438597568,0.3761868997058301
R175,1549382400,884,613,-271,1497,6,-0.05911186731444657,0.24302583517089724
R175,1549396800,2541,712,-1829,3253,6,-2.51074919757588,2.0988260678958346
R175,1549411200,803,236,-567,1039,6,-0.5248914884680951,-0.24100406607512861
R175,1549425600,157,74,-83,231,6,0.236721135310168,-1.0949258132515236
R175,1549440000,260,478,218,738,6,0.7103686554697902,-0.559111053575246
R175,1549454400,661,1121,460,1782,6,1.0911749673589217,0.5442234811427692
R175,1549468800,1225,587,-638,1812,6,-0.636615654352923,0.5759284965082294
R175,1549483200,2780,787,-1993,3567,6,-2.7688162849718205,2.430671895387652
R175,1549497600,1042,262,-780,1304,6,-0.8600639861225786,0.039056902986436555
R175,1549512000,171,71,-100,242,6,0.20997027868985713,-1.0833006409508548
R175,1549526400,255,516,261,771,6,0.7780325869211648,-0.5242355366732399
R175,1549540800,626,1164,538,1790,6,1.213914191852113,0.552678151906892
R175,1549555200,1027,642,-385,1669,6,-0.23849996465064902,0.42480125659953577
R175,1549569600,2501,953,-1548,3454,6,-2.068573273440153,2.3112496708444183
R175,1549584000,905,281,-624,1186,6,-0.6145855371361963,-0.0856494907843736
R175,1549598400,195,72,-123,267,6,0.17377794326237767,-1.0568797948129713
R175,1549612800,233,434,201,667,6,0.6836177988494794,-0.6341462566068352
R175,1549627200,637,1082,445,1719,6,1.0675712703410003,0.4776429488753028
R175,1549641600,1210,704,-506,1914,6,-0.42890312059521485,0.6837255487507942
R175,1549656000,2528,857,-1671,3385,6,-2.2621235889871083,2.23832813550386
R175,1549670400,835,446,-389,1281,6,-0.24479428385542806,0.014749724539583725
R175,1549684800,301,148,-153,449,6,0.12657054922653493,-0.8645360349291794
R175,1549699200,141,192,51,333,6,0.4475808286702656,-0.9871287610089589
R175,1549713600,332,836,504,1168,6,1.160412478611491,-0.10467250000364972
R175,1549728000,860,1201,341,2061,6,0.9039189710167456,0.8390801240415492
R175,1549742400,1152,1071,-81,2223,6,0.23986829491255754,1.0102872070150344
R175,1549756800,588,455,-133,1043,6,0.1580421452504301,-0.23677673069306726
R175,1549771200,302,122,-180,424,6,0.08408389459427644,-0.890956881067063
R175,1549785600,110,119,9,229,6,0.38149047702008576,-1.0970394809425543
R175,1549800000,252,709,457,961,6,1.0864542279553375,-0.32343710602532516
R175,1549814400,631,1010,379,1641,6,0.9637150034621463,0.3952099089251062
R175,1549828800,916,636,-280,1552,6,-0.0732740855251994,0.30115169667424097
R175,1549843200,471,244,-227,715,6,0.010125643938122798,-0.5834182320220989
R175,1549857600,91,51,-40,142,6,0.30438506676154264,-1.188984025502389
R175,1549871593,187,281,94,468,6,0.5152447601216402,-0.8444561918643879
R175,1549872000,250,422,172,672,6,0.6379839846148314,-0.6288620873792585
R175,1549886400,643,1062,419,1705,6,1.0266581955099368,0.462847275038088
R175,1549900800,1091,574,-517,1665,6,-0.4462124984083572,0.4205739212174744
R175,1549904869,347,165,-182,512,6,0.08093673499188693,-0.797955502661713
R175,1549905082,30,7,-23,37,6,0.3311359233818535,-1.2999515792814995
R175,1549915200,2526,669,-1857,3195,6,-2.5548094320093333,2.037529704855945
R175,1549929600,804,213,-591,1017,7,-0.7520293847204164,-0.26298158241282643
R175,1549944000,138,69,-69,207,7,0.1665006822035947,-1.2183013630534005
R175,1549958400,241,471,230,712,7,0.6926318891198386,-0.6227007590737834
R175,1549972800,654,1013,359,1667,7,0.9196249516355426,0.5036330563728194
R175,1549987200,1152,507,-645,1659,7,-0.8470497364711761,0.494197799280073
R175,1550001600,2564,651,-1913,3215,7,-3.078268366470498,2.32935530381925
R175,1550016000,768,224,-544,992,7,-0.6693264859743847,-0.292466760827659
R175,1550030400,144,57,-87,201,7,0.13482723162000812,-1.2253778058729603
R175,1550044800,253,466,213,719,7,0.6627180746797846,-0.6144449091176303
R175,1550046784,75,139,64,214,7,0.40053228929342893,-1.2100455130972474
R175,1550049474,142,207,65,349,7,0.4022919254369615,-1.0508255496571517
R175,1550059200,669,1096,427,1765,7,1.0392802093957585,0.6192149557589629
R175,1550073600,1117,593,-524,1710,7,-0.6341337631037329,0.5543475632463314
R175,1550088000,1982,776,-1206,2758,7,-1.834205612992958,1.790366242396111
R175,1550102400,737,288,-449,1025,7,-0.5021610523387888,-0.25354632532008003
R175,1550116800,175,64,-111,239,7,0.092595964175226,-1.180560334682415
R175,1550131200,245,462,217,707,7,0.669756619253915,-0.6285977947567498
R175,1550144738,469,671,202,1140,7,0.6433620771009262,-0.1179145046118504
R175,1550145600,682,1203,521,1885,7,1.2046860068878218,0.7607438121501591
R175,1550160000,1130,673,-457,1803,7,-0.5162381414870495,0.6640324269495084
R175,1550174400,2697,874,-1823,3571,7,-2.919901113552565,2.7492242444464647
R175,1550188800,729,312,-417,1041,7,-0.44585269574574604,-0.23467581113458721
R175,1550203200,258,110,-148,368,7,0.027489426864520234,-1.028416814061879
R175,1550217600,250,464,214,714,7,0.6644777108233173,-0.6203419448005968
R175,1550232000,593,1073,480,1666,7,1.1325409250029856,0.5024536492362262
R175,1550246400,1203,786,-417,1989,7,-0.44585269574574604,0.8834021543558624
R175,1550260800,2351,783,-1568,3134,7,-2.471193896951755,2.2338233257551923
R175,1550275200,829,361,-468,1190,7,-0.535594139065908,-0.058944147782185326
R175,1550289600,317,119,-198,436,7,-0.060492380312109184,-0.9482171287735345
R175,1550304000,122,165,43,287,7,0.3635799302792446,-1.1239487921259363
R175,1550318400,299,738,439,1037,7,1.0603958431181497,-0.23939343968096044
R175,1550332800,766,1196,430,1962,7,1.0445591178263562,0.8515581616678433
R175,1550347200,1118,990,-128,2108,7,0.062682149735172,1.0237516036104652
R175,1550361600,671,486,-185,1157,7,-0.037617110446185535,-0.09786458328976427
R175,1550376000,338,118,-220,456,7,-0.09920437546982612,-0.9246289860416685
R175,1550390400,127,121,-6,248,7,0.27735775924614775,-1.169945670453075
R175,1550404800,256,668,412,924,7,1.0128856672427697,-0.37266644611600347
R175,1550419200,661,1099,438,1760,7,1.0586362069746171,0.6133179200759964
R175,1550433600,898,793,-105,1691,7,0.10315378103642153,0.5319388276510586
R175,1550448000,474,300,-174,774,7,-0.01826111286732706,-0.5495775166049987
R175,1550462400,137,61,-76,198,7,0.1541832291988666,-1.2289160272827402
R175,1550476800,113,262,149,375,7,0.550101361493699,-1.0201609641057259
R175,1550491200,306,855,549,1161,7,1.2539558189067344,-0.09314695474339106
R175,1550505600,782,902,120,1684,7,0.49907191333125395,0.5236829776949056
R175,1550520000,1145,739,-406,1884,7,-0.42649669816688757,0.7595644050135658
R175,1550534400,525,256,-269,781,8,0.12995328775679174,-0.5716913985096869
R175,1550548800,115,61,-54,176,8,0.44276068663397744,-1.1798951266139994
R175,1550563200,230,351,121,581,8,0.6973713601386634,-0.772750482180534
R175,1550577600,621,959,338,1580,8,1.0130885952844741,0.23153964075534753
R175,1550592000,928,588,-340,1516,8,0.026654100220604836,0.16720073398067642
R175,1550606400,2581,651,-1930,3232,8,-2.286665733336257,1.892287671876545
R175,1550620800,788,243,-545,1031,8,-0.27160411731345596,-0.32036754392112793
R175,1550635200,153,60,-93,213,8,0.38601887939579027,-1.1426991961348927
R175,1550649600,189,373,184,562,8,0.7890312026003503,-0.7918510951292644
R175,1550664000,631,967,336,1598,8,1.010178759015849,0.24963495828572377
R175,1550678400,1195,529,-666,1724,8,-0.44764921156526744,0.37630218099835744
R175,1550692800,2521,643,-1878,3164,8,-2.2110099903520073,1.823927583428457
R175,1550707200,956,217,-739,1173,8,-0.5538582353700793,-0.17761559451482645
R175,1550721600,127,58,-69,185,8,0.42093691461929006,-1.1708474678488114
R175,1550736000,205,347,142,552,8,0.7279246409592258,-0.8019040493128069
R175,1550739620,149,230,81,379,8,0.6391746347661638,-0.9758201566880896
R175,1550750400,584,1036,452,1620,8,1.178949262596098,0.27175145748951696
R175,1550764800,929,650,-279,1579,8,0.11540410641366682,0.23053434533699327
R175,1550779200,2498,834,-1664,3332,8,-1.8996575096091342,1.9928172137119686
R175,1550793600,804,346,-458,1150,8,-0.14502623962826916,-0.20073738913697386
R175,1550808000,182,79,-103,261,8,0.37146969805266533,-1.0944450160538894
R175,1550822400,192,339,147,531,8,0.7351992316307883,-0.8230152530982457
R175,1550836800,609,930,321,1539,8,0.9883549870011616,0.19032252860282384
R175,1550851200,1189,737,-452,1926,8,-0.1362967308223942,0.5793718555059131
R175,1550865600,2449,908,-1541,3357,8,-1.7207025790886976,2.0179495991708243
R175,1551484800,9743,8016,-1727,17759,9,-2.816313885520407,4.054374462754283
R175,1551499200,283,101,-182,384,9,-0.026384445976271403,-0.4113303203409227
R175,1551513600,114,176,62,290,9,0.4142257697187247,-0.4354901044911932
R175,1551528000,323,773,450,1096,9,1.1148682438566695,-0.22833280635164008
R175,1551542400,753,1008,255,1761,9,0.7627412272151767,-0.05741518443749264
R175,1551556800,1023,899,-124,1922,9,0.0783507692299162,-0.01603512860564642
R175,1551571200,584,420,-164,1004,9,0.0061195863290971625,-0.2519785525412665
R175,1551585600,287,77,-210,364,9,-0.07694627400684473,-0.41647069994736324
R175,1551600000,132,94,-38,226,9,0.23364781246667712,-0.45193931923180286
R175,1551614400,244,636,392,880,9,1.010133028650482,-0.28384890610119773
R175,1551628800,749,945,196,1694,9,0.6562002324364685,-0.0746354561190684
R175,1551643200,890,543,-347,1433,9,-0.32433807544214993,-0.14171740998311724
R175,1551657600,414,196,-218,610,9,-0.09139251058700854,-0.3532440307881448
R175,1551672000,85,41,-44,126,9,0.22281313503155428,-0.4776412172640055
R175,1551686400,186,277,91,463,9,0.4665933773218186,-0.39102582089548266
R175,1551700800,507,877,370,1384,9,0.9704058780550313,-0.15431134001889651
R175,1551715200,904,549,-355,1453,9,-0.33878431202231374,-0.1365770303766767
R175,1551729600,2145,725,-1420,2870,9,-2.2619395567566207,0.22761886473963444
R175,1551744000,717,189,-528,906,10,-0.5152092501204546,-0.47713413444610103
R175,1551758400,118,42,-76,160,10,0.2494800958391602,-1.301207184829024
R175,1551772800,244,478,234,722,10,0.7739351782450907,-0.6803907581330418
R175,1551787200,663,1112,449,1775,10,1.1376701547524295,0.4828115502492878
R175,1551801600,1132,607,-525,1739,10,-0.5101338783552359,0.44304394996271246
R175,1551816000,2364,837,-1527,3201,10,-2.205308047938276,2.058050383823079
R175,1551830400,747,257,-490,1004,10,-0.45092120776101796,-0.36887788922153475
R175,1551844800,141,59,-82,200,10,0.23932935230872285,-1.2570209622883848
R175,1551859200,264,490,226,754,10,0.7604008535378409,-0.6450417801005304
R175,1551865317,269,478,209,747,10,0.731640413534935,-0.6527743690451423
R175,1551873600,616,1085,469,1701,10,1.171505966520554,0.4010670385491051
R175,1551888000,1092,616,-476,1708,10,-0.4272361395233308,0.40879962749371695
R175,1551902400,2036,807,-1229,2843,10,-1.70115445259322,1.6625836920843573
R175,1551916800,888,269,-619,1157,10,-0.6691621936654213,-0.19986558800358942
R175,1551931200,115,50,-65,165,10,0.2680897923116287,-1.295683907011444
R175,1551945600,260,437,177,697,10,0.6775031147059357,-0.7080071472209414
R175,1551960000,598,1199,601,1797,10,1.3948223241901763,0.5071139726466394
R175,1551974400,1196,716,-480,1912,10,-0.4340033018769557,0.6341493624509774
R175,1551988800,2527,892,-1635,3419,10,-2.3880214314861483,2.2988652966695633
R175,1552003200,830,327,-503,1157,10,-0.4729144854102989,-0.19986558800358942
R175,1552017600,208,74,-134,282,10,0.151356241711599,-1.1664392060800741
R175,1552032000,246,443,197,689,10,0.7113389264740603,-0.7168443917290692
R175,1552046400,751,1102,351,1853,10,0.9718746770886193,0.5689746842035345
R175,1552060800,1192,766,-426,1958,10,-0.3426466101030194,0.6849635183727126
R175,1552075200,2581,975,-1606,3556,10,-2.338959504422368,2.450203108871253
R175,1552089600,880,406,-474,1286,10,-0.4238525583465183,-0.05736502031002767
R175,1552104000,295,115,-180,410,10,0.07353387464491255,-1.0250432939500285
R175,1552118400,130,182,52,312,10,0.4660292911551573,-1.1332995391745946
R175,1552132800,337,834,497,1171,10,1.2188761029959285,-0.18440041011436567
R175,1552147200,826,1144,318,1970,10,0.9160455876712138,0.6982193851349044
R175,1552161600,1260,970,-290,2230,10,-0.11256309007977247,0.9854298316490598
R175,1552176000,609,492,-117,1101,10,0.18011668171450487,-0.26172629956048443
R175,1552194000,352,80,-272,432,10,-0.08211085948846038,-1.0007408715526769
R175,1552208400,108,168,60,276,10,0.47956361586240714,-1.17306713946117
R175,1552222800,287,698,411,985,10,1.073382112392993,-0.38986634492833844
R175,1552237200,759,827,68,1586,10,0.49309794056965695,0.2740316487447671
R175,1552251600,793,549,-244,1342,10,-0.034740723013086006,0.004495691246867353
R175,1552266000,381,162,-219,543,10,0.00755404169706968,-0.8781241040024027
R175,1552280400,64,42,-22,106,10,0.3408367876130965,-1.360858585258887
R175,1552294800,422,768,346,1190,10,0.9634157241465882,-0.163411954407562
R175,1552309200,512,902,390,1414,10,1.0378545100364622,0.0840308918200181
R175,1552323600,1347,635,-712,1982,10,-0.8264987183872005,0.7114752518970962
R175,1552338000,2413,680,-1733,3093,10,-2.5538169091499587,1.938747582963353
R175,1552352400,534,209,-325,743,11,-0.1300610058949675,-0.6925315693819403
R175,1552366800,103,43,-60,146,11,0.2880053304021142,-1.3659143169143741
R175,1552381200,465,771,306,1236,11,0.8654101571369515,-0.1364550291248382
R175,1552395600,580,990,410,1570,11,1.0294814740233533,0.240278367317093
R175,1552410000,1360,645,-715,2005,11,-0.7453284442189745,0.7309341381321831
R175,1552424400,2472,713,-1759,3185,11,-2.392352048347855,2.0619084129869103
R175,1552438800,589,230,-359,819,11,-0.1836997056462912,-0.60680780252689
R175,1552453200,69,41,-28,110,11,0.33848881252100704,-1.4065203117404506
R175,1552467600,462,826,364,1288,11,0.9569114684774448,-0.07780192548717227
R175,1552482000,611,933,322,1544,11,0.8906518981963979,0.21095181549826003
R175,1552496400,1441,676,-765,2117,11,-0.8242088850297447,0.8572638998133096
R175,1552510800,2556,757,-1799,3313,11,-2.455456400996471,2.2062852834796263
R175,1552525200,630,216,-414,846,11,-0.2704681905381383,-0.5763533064073327
R175,1552539600,101,45,-56,146,11,0.29431576566697576,-1.3659143169143741
R175,1552552057,241,451,210,692,11,0.7139597107802729,-0.7500567287188818
R175,1552554000,454,753,299,1207,11,0.8543668954234437,-0.16916541384584421
R175,1552568400,626,1018,392,1644,11,1.001084515331476,0.32374624557069454
R175,1552582800,1444,708,-736,2152,11,-0.7784582293594979,0.8967419503386618
R175,1552597200,2398,754,-1644,3152,11,-2.210927034483084,2.024686251063007
R175,1552611600,693,235,-458,928,11,-0.339882978451616,-0.48386187374793643
R175,1552626000,154,55,-99,209,11,0.22647858656971345,-1.2948538259687405
R175,1552640400,415,695,280,1110,11,0.824392327915351,-0.2785760110161057
R175,1552654800,608,977,369,1585,11,0.9647995125585218,0.2571975318279582
R175,1552669200,1474,763,-711,2237,11,-0.7390180089541128,0.9926172159002311
R175,1552683600,2012,802,-1210,2814,11,-1.5262448082455988,1.643441077418178
R175,1552698000,816,267,-549,1083,11,-0.48344538072721766,-0.309030507135663
R175,1552712400,217,59,-158,276,11,0.1333996664130047,-1.2192815578202094
R175,1552726800,159,302,143,461,11,0.6082599200938409,-1.0106118621862055
R175,1552741200,417,999,582,1416,11,1.3008301904124027,0.0665749450055439
R175,1552755600,966,1049,83,2015,11,0.5136033911209167,0.7422135811394265
R175,1552770000,1150,779,-371,1929,11,-0.20263101144087603,0.6452103712771329
R175,1552784400,543,362,-181,905,11,0.09711466364005046,-0.5098045926645963
R175,1552798800,188,64,-124,252,11,0.1870383661643284,-1.2463522210375937
R175,1552813200,124,184,60,308,11,0.4773183883479625,-1.1831873401970303
R175,1552827600,297,877,580,1174,11,1.2976749727799717,-0.2063875757697476
R175,1552842000,797,862,65,1659,11,0.4852064324290395,0.3406654100815597
R175,1552856400,913,614,-299,1527,11,-0.08904317667336704,0.19177676238594618
R175,1552870800,403,173,-230,576,11,0.019811831645495732,-0.8808982676029059
R175,1552885200,75,35,-40,110,11,0.3195575067264222,-1.4065203117404506
R175,1552899600,450,826,376,1276,11,0.9758427742720297,-0.0913372570958644
R175,1552914000,546,943,397,1489,11,1.0089725594125531,0.14891487895842107
R175,1552928400,1364,597,-767,1961,11,-0.8273641026621754,0.6813045889003119
R175,1552942800,2473,662,-1811,3135,11,-2.474387706791056,2.005511197950693
R175,1552957200,427,163,-264,590,12,-0.028363655493478867,-0.8053857712549474
R175,1552971600,44,27,-17,71,12,0.3417552905308607,-1.3561559372726837
R175,1552986000,459,756,297,1215,12,0.8122708737358915,-0.1421269008096965
R175,1553000400,561,917,356,1478,12,0.9006798527457539,0.13697243187366506
R175,1553014800,1386,645,-741,2031,12,-0.7431277739291468,0.723823880443623
R175,1553029200,2430,695,-1735,3125,12,-2.2325943016546264,1.8847922072709902
R175,1553043600,491,132,-359,623,12,-0.170717096272071,-0.7703657028954382
R175,1553058000,41,27,-14,68,12,0.34625066234492147,-1.3593395798508208
R175,1553072400,461,842,381,1303,12,0.938141284529594,-0.04874005185100519
R175,1553086800,618,925,307,1543,12,0.8272554464494275,0.20595135439997114
R175,1553101200,1442,657,-785,2099,12,-0.8090598938687052,0.7959864455480663
R175,1553115600,2508,721,-1787,3229,12,-2.3105140797650137,1.9951584833130798
R175,1553130000,501,144,-357,645,12,-0.1677201817293638,-0.7470189906557653
R175,1553144400,45,24,-21,69,12,0.3357614614454463,-1.3582783656581086
R175,1553158800,449,721,272,1170,12,0.7748094419520515,-0.18988153948175457
R175,1553173200,617,1041,424,1658,12,1.002574947197799,0.3279909865618973
R175,1553187600,1525,705,-820,2230,12,-0.8615058983660813,0.9350055047933908
R175,1553202000,2588,734,-1854,3322,12,-2.410910716945705,2.093851403235333
R175,1553216400,514,212,-302,726,12,-0.08530503180491572,-0.6610606410460608
R175,1553230800,78,22,-56,100,12,0.2833154569480702,-1.325380725684024
R175,1553245200,420,781,361,1201,12,0.9081721391025219,-0.15698389950767014
R175,1553259600,556,966,410,1522,12,0.9815965453988484,0.18366585635301072
R175,1553274000,1602,732,-870,2334,12,-0.9364287619337613,1.0453717808354805
R175,1553288400,2089,946,-1143,3035,12,-1.3455075970132946,1.789282929926874
R175,1553302800,681,271,-410,952,12,-0.24713841711110468,-0.42122623349305804
R175,1553317200,153,56,-97,209,12,0.22187870882257257,-1.2097083786783722
R175,1553331600,134,253,119,387,12,0.5455454794349505,-1.0208122523755647
R175,1553346000,427,764,337,1191,12,0.8722091645900355,-0.16759604143479415
R175,1553360400,969,1085,116,2054,12,0.5410501076208897,0.7482318068760082
R175,1553374800,1166,775,-391,1941,12,-0.21866772895538625,0.6283146030995069
R175,1553389200,543,277,-266,820,12,-0.031360570036186065,-0.5613065069310951
R175,1553403600,177,53,-124,230,12,0.18142036249602533,-1.1874228806314118
R175,1553418000,112,162,50,274,12,0.44215192771155193,-1.1407294561520662
R175,1553432400,341,661,320,1002,12,0.8467353909770243,-0.368165523857438
R175,1553446800,898,848,-50,1746,12,0.29230620057619183,0.4213778355205886
R175,1553461200,915,466,-449,1381,12,-0.3055782506938951,0.03403465518056212
R175,1553475600,327,132,-195,459,12,0.07502989622991964,-0.9444048305002719
R175,1553490000,48,23,-25,71,12,0.32976763236003187,-1.3561559372726837
R175,1553504400,406,1362,956,1768,12,1.799754215557915,0.44472454776026143
R175,1553518800,512,1217,705,1729,12,1.4236414404481608,0.4033371942444778
R175,1553533200,1342,619,-723,1961,12,-0.7161555430447819,0.649538886953755
R175,1553547600,2471,622,-1849,3093,12,-2.403418430588937,1.8508333531041932
R175,1553562000,423,108,-315,531,13,-0.11772884012235282,-0.9434946492257009
R175,1553576400,39,25,-14,64,13,0.30617545974286625,-1.4422334728320316
R175,1553590800,471,872,401,1343,13,0.890628231982288,-0.07630851481811964
R175,1553605200,569,1054,485,1623,13,1.0089271063632794,0.222721186701736
R175,1553619600,1390,640,-750,2030,13,-0.7303480110239152,0.6573822171252405
R175,1553634000,2468,716,-1752,3184,13,-2.1414845839971695,1.889811772674931
R175,1553648400,510,114,-396,624,13,-0.23180275470402306,-0.8441740697923203
R175,1553662800,55,24,-31,79,13,0.28223402088004657,-1.426214024536325
R175,1553677200,450,1097,647,1547,13,1.23707493552662,0.14155598200348946
R175,1553691600,603,1313,710,1916,13,1.3257990913123634,0.5356344100778706
R175,1553706000,1485,628,-857,2113,13,-0.8810382438663685,0.7460231643614833
R175,1553720400,2568,726,-1842,3294,13,-2.268233377976803,2.0072877268434457
R175,1553734800,565,164,-401,729,13,-0.23884435436955828,-0.7320379317223745
R175,1553749200,46,25,-21,71,13,0.296317220211117,-1.4347577302940353
R175,1553763600,410,1304,894,1714,13,1.5849299590040589,0.3199058396956891
R175,1553778000,585,1270,685,1855,13,1.2905910929846873,0.47048865367533066
R175,1553792400,1460,713,-747,2173,13,-0.7261230512245941,0.8101009575443096
R175,1553806800,2416,810,-1606,3226,13,-1.9358698737635416,1.9346662279029094
R175,1553821200,754,134,-620,888,13,-0.54726641972,-0.5622317797878851
R175,1553835600,72,25,-47,97,13,0.25970090195033396,-1.4069906865814772
R175,1553850000,414,1041,627,1455,13,1.208908536864479,0.04330336578982262
R175,1553864400,620,1101,481,1721,13,1.003293826630851,0.32738158223368546
R175,1553878800,1705,855,-850,2560,13,-0.8711800043346193,1.2234027235735385
R175,1553893200,2011,905,-1106,2916,13,-1.2317099072100215,1.6035976297916408
R175,1553907600,768,246,-522,1014,13,-0.4092510662755101,-0.42766841410395
R175,1553922000,233,68,-165,301,13,0.0935191498437032,-1.1891261897598682
R175,1553936400,165,225,60,390,13,0.41039113479278727,-1.0940774632053425
R175,1553950800,517,880,363,1397,13,0.8371120745242204,-0.018638500953576047
R175,1553965200,1099,1003,-96,2102,13,0.190693225228089,0.7342755689446319
R175,1553979600,1337,682,-655,2019,13,-0.5965576173787465,0.6456346217083889
R175,1553994000,695,268,-427,963,13,-0.2754606726303413,-0.48213453830935227
R175,1554008400,235,69,-166,304,13,0.09211082991059616,-1.1859223001007269
R175,1554022800,136,193,57,329,13,0.4061661749934662,-1.1592232196078824
R175,1554037200,361,681,320,1042,13,0.7765543174006178,-0.39776544395196445
R175,1554051600,864,739,-125,1603,13,0.1498519471679848,0.20136192230746058
R175,1554066000,845,398,-447,1243,13,-0.3036270712924821,-0.18310483678949666
R175,1554080400,372,124,-248,496,13,-0.023371404604181127,-0.9808733619156829
R175,1554094800,52,27,-25,79,13,0.29068394047868884,-1.426214024536325
R175,1554109200,395,1220,825,1615,13,1.487755883619673,0.21417748094402583
R175,1554123600,528,1164,636,1692,13,1.2215834162624424,0.29641064886198615
R175,1554138000,1450,572,-878,2022,13,-0.9106129624616164,0.6488385113675302
R175,1554152400,2422,621,-1801,3043,13,-2.2104922607194144,1.7392289586952896
R175,1554166800,558,157,-401,715,14,-0.29779707954781093,-0.7859392399395048
R175,1554181200,66,31,-35,97,14,0.2554037309426966,-1.4942423860757428
R175,1554195600,449,1215,766,1664,14,1.466097307999791,0.3017301543700256
R175,1554210000,559,1148,589,1707,14,1.1985657685002833,0.35101338298468293
R175,1554224400,1358,593,-765,1951,14,-0.8479749347897365,0.630667052332971
R175,1554238800,2488,672,-1816,3160,14,-2.436537917919582,2.0163280615218246
R175,1554253200,646,182,-464,828,14,-0.3930201698781442,-0.6564274996265681
R175,1554267600,86,45,-41,131,14,0.24633486519695058,-1.4552742518222928
R175,1554282000,466,1176,710,1642,14,1.3814545610394948,0.2765154792648521
R175,1554296400,579,1222,643,1801,14,1.2801855602119974,0.4587488129795152
R175,1554310800,1331,654,-677,1985,14,-0.7149649038521281,0.669635186586421
R175,1554325200,2358,678,-1680,3036,14,-2.2309769610160055,1.8742089836563014
R175,1554339600,617,175,-442,792,14,-0.3597676621437421,-0.6976878770713975
R175,1554354000,81,35,-46,116,14,0.23877747707549554,-1.4724660757576382
R175,1554368400,425,1236,811,1661,14,1.534113801092886,0.2982917895829565
R175,1554382800,532,1269,737,1801,14,1.4222644568953517,0.4587488129795152
R175,1554397200,1493,700,-793,2193,14,-0.8902963082698846,0.9080284784898797
R175,1554411600,1968,758,-1210,2726,14,-1.5205824775992334,1.5189112889924927
R175,1554426000,673,227,-446,900,14,-0.36581357264090614,-0.5739067447369093
R175,1554440400,117,44,-73,161,14,0.19796758121963845,-1.4208906039516016
R175,1554454800,374,1097,723,1471,14,1.4011037701552778,0.08052868640191245
R175,1554469200,686,1004,318,1690,14,0.7889553323174211,0.3315293158579579
R175,1554483600,1540,715,-825,2255,14,-0.9386635922471968,0.9790880174226414
R175,1554498000,1940,786,-1154,2726,14,-1.4359397306389372,1.5189112889924927
R175,1554512400,660,268,-392,928,14,-0.2841937809291919,-0.5418153400575976
R175,1554526800,202,55,-147,257,14,0.08611823702210412,-1.3108629307653898
R175,1554541200,181,289,108,470,14,0.4715450312163102,-1.0667390308834825
R175,1554555600,451,787,336,1238,14,0.8161619295546592,-0.1865176453937889
R175,1554570000,1533,1223,-310,2756,14,-0.16025261573732955,1.5532949368631839
R175,1554584400,1226,667,-559,1893,14,-0.5366105441857896,0.5641919997829681
R175,1554598800,704,313,-391,1017,14,-0.2826823033049009,-0.4398105180412138
R175,1554613200,203,70,-133,273,14,0.1072789237621782,-1.2925249852343546
R175,1554627600,125,169,44,294,14,0.37481046326168593,-1.2684564317248708
R175,1554642000,396,577,181,973,14,0.5818828977895535,-0.4902398682515608
R175,1554656400,915,816,-99,1731,14,0.15866916298807232,0.37852030128123587
R175,1554670800,1018,475,-543,1493,14,-0.5124269021971335,0.10574336150708598
R175,1554685200,407,123,-284,530,14,-0.12095419750576344,-0.9979717351421002
R175,1554699600,59,39,-20,98,14,0.27807589530706167,-1.493096264480053
R175,1554714000,396,1027,631,1423,14,1.2620478287205055,0.025514849808806597
R175,1554728400,507,1109,602,1616,14,1.2182149776160662,0.24671631777691974
R175,1554742800,1231,612,-619,1843,14,-0.6272992016432498,0.5068859199984829
R175,1554757200,2095,694,-1401,2789,14,-1.8092747038388153,1.591116949520944
R175,1554771600,504,154,-350,658,15,-0.19813537643015147,-0.8519488078560087
R175,1554786000,72,39,-33,111,15,0.2789806304049067,-1.477133971291788
R175,1554800400,431,1290,859,1721,15,1.6215278799218529,0.3629905499725716
R175,1554814800,574,1214,640,1788,15,1.2919114587960556,0.43956716048481514
R175,1554829200,1466,659,-807,2125,15,-0.8859650771355824,0.8247360820165475
R175,1554843600,2417,667,-1750,3084,15,-2.3052723151338785,1.9208102533783618
R175,1554858000,621,193,-428,814,15,-0.3155330058722163,-0.6736510281558595
R175,1554872400,98,39,-59,137,15,0.2398480872575518,-1.4474176746750964
R175,1554886800,458,1096,638,1554,15,1.288901263169336,0.17212049093459142
R175,1554901200,608,1181,573,1789,15,1.1910699053009486,0.44071009497007246
R175,1554915600,1462,609,-853,2071,15,-0.9551995765501334,0.7630176198126497
R175,1554930000,2201,732,-1469,2933,15,-1.8823398295797733,1.7482271461044994
R175,1554944400,682,179,-503,861,15,-0.4284153418742016,-0.6199331073487633
R175,1554958800,89,46,-43,135,15,0.26392965227130866,-1.4497035436456112
R175,1554973200,435,1106,671,1541,15,1.3385694910102095,0.15726234262624567
R175,1554987600,604,1209,605,1813,15,1.2392330353284624,0.4681405226162493
R175,1555002000,1492,695,-797,2187,15,-0.8709140990019842,0.8955980201025042
R175,1555016400,2250,708,-1542,2958,15,-1.9922119699550391,1.7768005082359335
R175,1555030800,687,204,-483,891,15,-0.3983133856070055,-0.5856450727910424
R175,1555045200,129,47,-82,176,15,0.2052308375502763,-1.4028432297500593
R175,1555059600,422,1169,747,1591,15,1.4529569248255547,0.214409066889114
R175,1555074000,560,1152,592,1712,15,1.2196667637547849,0.35270413960525526
R175,1555088400,1555,638,-917,2193,15,-1.051525836605161,0.9024556270140485
R175,1555102800,2004,753,-1251,2757,15,-1.5542285062673358,1.5470706766992028
R175,1555117200,674,255,-419,929,15,-0.30198712555197804,-0.5422135623512624
R175,1555131600,188,73,-115,261,15,0.15556260970940272,-1.3056937985031831
R175,1555146000,216,221,5,437,15,0.33617434731257934,-1.1045373290978866
R175,1555160400,464,779,315,1243,15,0.8027546694541189,-0.18333213398044945
R175,1555174800,1076,977,-99,2053,15,0.1796441747231596,0.7424447990780172
R175,1555189200,1161,709,-452,1870,15,-0.3516553533928516,0.5332877882759192
R175,1555203600,668,334,-334,1002,15,-0.1740538114163946,-0.4587793449274747
R175,1555218000,228,56,-172,284,15,0.06977203434789382,-1.2794063053422635
R175,1555232400,164,184,20,348,15,0.3587508145129764,-1.2062584982857922
R175,1555246800,450,632,182,1082,15,0.6025766602772649,-0.3673445861068854
R175,1555261200,913,701,-212,1614,15,0.009568121813501624,0.2406965600500334
R175,1555275600,833,450,-383,1283,15,-0.24780360427102505,-0.13761475457015482
R175,1555290000,460,123,-337,583,15,-0.178569104856474,-0.9376688942503111
R175,1555304400,49,42,-7,91,15,0.31811317355226165,-1.4999926609969354
R175,1555318800,417,923,506,1340,15,1.0902283518058418,-0.07246748891048493
R175,1555333200,565,1106,541,1671,15,1.142906775273435,0.30584382570970325
R175,1555347600,1396,652,-744,2048,15,-0.7911439148939147,0.7367301266517303
R175,1555362000,2314,890,-1424,3204,15,-1.814610427978582,2.0579623916092458
R175,1555376400,513,184,-329,697,16,-0.12815650405124768,-0.775357610638137
R175,1555390800,99,58,-41,157,16,0.30606788614592095,-1.3886348167925957
R175,1555405200,458,1106,648,1564,16,1.344889430749564,0.20929301479874374
R175,1555419600,594,1265,671,1859,16,1.3795670730222545,0.5443240811238647
R175,1555434000,1434,701,-733,2135,16,-0.7372768291889426,0.8577768753805879
R175,1555448400,2339,694,-1645,3033,16,-2.1123207314799766,1.8776341552448543
R175,1555462800,589,212,-377,801,16,-0.2005272357507758,-0.657244963526908
R175,1555477200,80,49,-31,129,16,0.32114512191665595,-1.4204343756302342
R175,1555491600,501,973,472,1474,16,1.0795300811846276,0.10708014710633397
R175,1555506000,612,1156,544,1768,16,1.1880861787339196,0.4409755149015392
R175,1555520400,1593,717,-876,2310,16,-0.9528813007104534,1.0565241181158291
R175,1555534800,2425,716,-1709,3141,16,-2.2088150404126807,2.000289596475746
R175,1555549200,664,226,-438,890,16,-0.2924983739522594,-0.5561677943644139
R175,1555563600,95,52,-43,147,16,0.3030524389917739,-1.3999918020917523
R175,1555578000,472,1036,564,1508,16,1.2182406502753897,0.14569389712346656
R175,1555592400,665,1259,594,1924,16,1.2634723575875948,0.6181444855683829
R175,1555606800,1577,768,-809,2345,16,-0.8518638210465287,1.0962735666628773
R175,1555621200,2225,802,-1423,3027,16,-1.777606097369659,1.8708199640653602
R175,1555635600,675,254,-421,929,16,-0.2668670731420099,-0.5118755516977029
R175,1555650000,138,75,-63,213,16,0.2728979674503039,-1.3250356991173184
R175,1555664400,321,752,431,1073,16,1.017713414524614,-0.3483349633898473
R175,1555678800,589,1139,550,1728,16,1.1971325201963607,0.39554757370491267
R175,1555693200,1822,785,-1037,2607,16,-1.1956247966192872,1.3938265815007813
R175,1555707600,1781,624,-1157,2405,16,-1.3765516258681074,1.1644154784578173
R175,1555722000,688,267,-421,955,16,-0.2668670731420099,-0.4823473899198957
R175,1555736400,173,62,-111,235,16,0.2005272357507758,-1.3000503314591738
R175,1555750800,134,294,160,428,16,0.6091203251376949,-1.0808605151854507
R175,1555765200,420,699,279,1119,16,0.7885394308094417,-0.2960928310137268
R175,1555779600,940,749,-191,1689,16,0.07990934958489562,0.3512553310382017
R175,1555794000,1035,520,-515,1555,16,-0.4085930893869191,0.19907172802950276
R175,1555808400,602,289,-313,891,16,-0.10403292681807165,-0.5550320958344982
R175,1555822800,217,53,-164,270,16,0.12061788616588018,-1.2603008829121256
R175,1555837200,136,190,54,326,16,0.44930162596790363,-1.1967017652368483
R175,1555851600,428,669,241,1097,16,0.7312459348806486,-0.3210781986718714
R175,1555866000,812,658,-154,1470,16,0.1356951219366152,0.10253735298667131
R175,1555880400,888,404,-484,1292,16,-0.3618536584976405,-0.0996169853383169
R175,1555894800,391,153,-238,544,16,0.009046341462441014,-0.9491194857152336
R175,1555909200,69,32,-37,101,16,0.31209878045421496,-1.4522339344678727
R175,1555923600,333,881,548,1214,16,1.1941170730422137,-0.1882014706717387
R175,1555938000,559,1088,529,1647,16,1.1654703250778171,0.30355599278174383
R175,1555952400,1691,661,-1030,2352,16,-1.1850707315797728,1.104223456372287
R175,1555966800,2321,578,-1743,2899,16,-2.26007764203318,1.7254505522361554
R175,1555981200,477,142,-335,619,17,-0.12260978200283275,-0.8718439026825724
R175,1555995600,83,41,-42,124,17,0.3054287931253545,-1.4360308711754501
R175,1556010000,436,942,506,1378,17,1.1059924080408718,-0.006757217660159897
R175,1556024400,589,1054,465,1643,17,1.0460962251731052,0.29528227052289585
R175,1556038800,1433,672,-761,2105,17,-0.7449457308240197,0.8218567744495817
R175,1556053200,2275,650,-1625,2925,17,-2.0071482185740326,1.756469530336773
R175,1556067600,621,191,-430,812,17,-0.2613936203549754,-0.6518679735530262
R175,1556082000,94,41,-53,135,17,0.2893590855266853,-1.4234933829867196
R175,1556096400,428,1015,587,1443,17,1.2243238912674357,0.06732793981870283
R175,1556110800,589,1211,622,1800,17,1.2754547790813828,0.4742264201256874
R175,1556125200,1393,733,-660,2126,17,-0.5973965974180575,0.845791979173522
R175,1556139600,2392,683,-1709,3075,17,-2.1298623493275057,1.9274352783649178
R175,1556154000,712,216,-496,928,17,-0.35781186594699027,-0.5196544617445942
R175,1556168400,111,53,-58,164,17,0.28205467298183573,-1.3904400050346115
R175,1556182800,400,1026,626,1426,17,1.2812983091172625,0.047951821708846425
R175,1556197200,642,1120,478,1762,17,1.0650876977897141,0.4309150972918907
R175,1556211600,1613,718,-895,2331,17,-0.9407039870259893,1.0794451681453199
R175,1556226000,2577,701,-1876,3278,17,-2.373829728325483,2.1588089240296737
R175,1556240400,745,231,-514,976,17,-0.3841077511084489,-0.46494542237558784
R175,1556254800,149,56,-93,205,17,0.23092378516788845,-1.343709367240252
R175,1556269200,373,825,452,1198,17,1.027104752556496,-0.21191611529393362
R175,1556283600,590,1166,576,1756,17,1.2082541836687664,0.42407646737076493
R175,1556298000,1738,675,-1063,2413,17,-1.1861322485329362,1.172906443734039
R175,1556312400,2017,712,-1305,2729,17,-1.5396658157036573,1.533074286246664
R175,1556326800,656,294,-362,950,17,-0.16205360974502064,-0.494579485367133
R175,1556341200,216,52,-164,268,17,0.12720112703102396,-1.2719037530684312
R175,1556355600,166,344,178,510,17,0.6268229450987374,-0.9960790129163576
R175,1556370000,522,782,260,1304,17,0.746615310834271,-0.0911003200207113
R175,1556384400,1019,847,-172,1866,17,0.1155140669592646,0.549451349258071
R175,1556398800,1018,718,-300,1736,17,-0.07147889418888546,0.4012810343003456
R175,1556413200,642,300,-342,942,17,-0.13283595956562222,-0.5036976585953007
R175,1556427600,219,71,-148,290,17,0.15057524717454274,-1.2468287766909698
R175,1556442000,142,194,52,336,17,0.44275174896852715,-1.1943992806290056
R175,1556456400,368,724,356,1092,17,0.8868600316953835,-0.3327319105671559
R175,1556470800,806,709,-97,1515,17,0.22508025513200877,0.1493914988722123
R175,1556485200,771,490,-281,1261,17,-0.043722126518456944,-0.14011050112211282
R175,1556499600,366,156,-210,522,17,0.06000053161840754,-0.982401753074106
R175,1556514000,64,34,-30,98,17,0.32295938323299356,-1.4656649341669952
R175,1556528400,440,932,492,1372,17,1.085540052915293,-0.013595847581285687
R175,1556542800,559,1048,489,1607,17,1.0811574053883832,0.2542504909961411
R175,1556557200,1428,648,-780,2076,17,-0.7727024984944483,0.7888033964974738
R175,1556571600,2456,573,-1883,3029,17,-2.3840559058882724,1.8750057823029536
R175,1556586000,517,165,-352,682,18,-0.13306973544665895,-0.8056904116803476
R175,1556600400,85,41,-44,126,18,0.3200468999147467,-1.4469693405313473
R175,1556614800,481,1011,530,1492,18,1.164491538542821,0.1285468767536626
R175,1556629200,603,1097,494,1700,18,1.111529853890189,0.36844978538856893
R175,1556643600,1447,571,-876,2018,18,-0.9039564787238556,0.7352244245515508
R175,1556658000,2327,658,-1669,2985,18,-2.0705846989887733,1.8505422738301778
R175,1556672400,590,199,-391,789,18,-0.19044489382034346,-0.6822788192575833
R175,1556686800,104,52,-52,156,18,0.3082776366586063,-1.4123679594782357
R175,1556701200,468,972,504,1440,18,1.1262414329603645,0.06857114959493604
R175,1556715600,607,1087,480,1694,18,1.0909336431919434,0.3615295091779467
R175,1556730000,1389,626,-763,2015,18,-0.7377156352308724,0.7317642864462396
R175,1556744400,2441,671,-1770,3112,18,-2.219171647597546,1.997021453621683
R175,1556758800,662,211,-451,873,18,-0.2787143682413965,-0.5853949523088712
R175,1556773200,75,32,-43,107,18,0.32151805782176424,-1.4688835485316512
R175,1556787600,479,1067,588,1546,18,1.2498186971498388,0.1908293626492633
R175,1556802000,568,1220,652,1788,18,1.3439728031989622,0.46994716981102935
R175,1556816400,1467,721,-746,2188,18,-0.7127059508115741,0.9312989171858492
R175,1556830800,2532,637,-1895,3169,18,-2.40306638597474,2.062764077622595
R175,1556845200,687,232,-455,919,18,-0.2845989998694667,-0.5323395013607668
R175,1556859600,147,36,-111,183,18,0.2214793201445708,-1.3812267165304355
R175,1556874000,438,905,467,1343,18,1.0718085904007153,-0.04330664914345778
R175,1556888400,677,1131,454,1808,18,1.052683537609487,0.49301475717977034
R175,1556902800,1751,691,-1060,2442,18,-1.174649533615085,1.2242572767688598
R175,1556917200,2040,760,-1280,2800,18,-1.4983042731589462,1.6371670906693236
R175,1556931600,758,266,-492,1024,18,-0.3390318424291161,-0.41123466767487665
R175,1556946000,225,44,-181,269,18,0.11849826665334223,-1.2820360908448492
R175,1556960400,161,315,154,476,18,0.6113361655042218,-1.04328656157838
R175,1556974800,453,900,447,1353,18,1.0423854322603643,-0.031772855459087285
R175,1556989200,972,828,-144,1800,18,0.17293110921299162,0.4837877222322739
R175,1557003600,1095,666,-429,1761,18,-0.24634889428701037,0.438805926863229
R175,1557018000,752,275,-477,1027,18,-0.31696447382385284,-0.4077745295695655
R175,1557032400,210,70,-140,280,18,0.17881574084106183,-1.2693489177920416
R175,1557046800,137,210,73,347,18,0.4921723750358002,-1.1920725001067594
R175,1557061200,394,685,291,1079,18,0.8128847987656262,-0.3477988024108389
R175,1557075600,846,656,-190,1502,18,0.10525784549018428,0.14008067043803313
R175,1557090000,815,451,-364,1266,18,-0.15072363033086958,-0.1321168605131106
R175,1557104400,342,125,-217,467,18,0.0655365820007104,-1.0536669758943134
R175,1557118800,54,33,-21,87,18,0.3538835317761504,-1.491951135900392
R175,1557133200,454,920,466,1374,18,1.0703374324936976,-0.007551888721909241
R175,1557147600,582,1084,502,1666,18,1.1232991171463296,0.32923488686170926
R175,1557162000,1374,587,-787,1961,18,-0.7730234249992936,0.6694818005506389
R175,1557176400,2278,591,-1687,2869,18,-2.0970655413150894,1.71675026709148
R175,1557190800,560,159,-401,719,19,-0.3236121173705254,-0.6526924416372256
R175,1557205200,104,39,-65,143,19,0.21032668824299972,-1.2992980098697928
R175,1557219600,452,911,459,1363,19,1.0430169684259973,0.07024850617835299
R175,1557226498,236,732,496,968,19,1.1018138011870107,-0.3731702428700221
R175,1557227104,23,50,27,73,19,0.35652421835146497,-1.377878547675834
R175,1557229051,80,96,16,176,19,0.3390440788819746,-1.262252899189802
R175,1557234000,548,1043,495,1591,19,1.1002246975988752,0.32619654360374417
R175,1557248400,1373,590,-783,1963,19,-0.9306496880382832,0.7437959730872772
R175,1557262800,2311,607,-1704,2918,19,-2.394214092711071,1.8158590245839814
R175,1557277200,600,214,-386,814,19,-0.29977556354849305,-0.5460474260433127
R175,1557291600,78,43,-35,121,19,0.25799979588706445,-1.32399475032312
R175,1557306000,510,948,438,1458,19,1.0096457930751521,0.17689352177226597
R175,1557320400,633,1518,885,2151,19,1.719975096971717,0.9548408460520734
R175,1557334800,1335,1409,74,2744,19,0.43121208699383307,1.6205302591803934
R175,1557349200,2227,738,-1489,2965,19,-2.0525568212619403,1.8686202428251806
R175,1557363600,655,210,-445,865,19,-0.39353267524848706,-0.48879589135605406
R175,1557378000,87,43,-44,130,19,0.24369786359384504,-1.3138915383194862
R175,1557392400,463,1044,581,1507,19,1.2368876061785274,0.2318998982364948
R175,1557406800,607,1128,521,1735,19,1.141541390890398,0.487847935661886
R175,1557421200,1446,684,-762,2130,19,-0.8972785126874379,0.9312666847102611
R175,1557435600,2397,760,-1637,3157,19,-2.287744152305993,2.0841554322360363
R175,1557450000,659,239,-420,898,19,-0.35380508554509976,-0.4517507806760632
R175,1557464400,140,47,-93,187,19,0.16583178777520596,-1.2499045289631383
R175,1557478800,441,851,410,1292,19,0.9651508926073583,-0.009454610739203041
R175,1557493200,639,1006,367,1645,19,0.8968194383175322,0.38681581562554734
R175,1557507600,1506,748,-758,2254,19,-0.8909220983348959,1.0704664945381055
R175,1557522000,1935,779,-1156,2714,19,-1.5233853264128214,1.5868528858349473
R175,1557536400,742,246,-496,988,19,-0.47457695824339713,-0.3507186606397246
R175,1557550800,226,54,-172,280,19,0.04029260431250213,-1.1455046715922552
R175,1557565200,165,275,110,440,19,0.48841981616671076,-0.9658920137498753
R175,1557579600,465,761,296,1226,19,0.7839930835599122,-0.0835448320991847
R175,1557594000,901,766,-135,1667,19,0.09908943707351532,0.41151255607887455
R175,1557608400,1064,604,-460,1668,19,-0.41736922907051943,0.41263513519038947
R175,1557622800,632,277,-355,909,19,-0.25051335231629285,-0.43940241044939965
R175,1557637200,237,44,-193,281,19,0.006921428961656806,-1.1443820924807402
R175,1557651600,113,187,74,300,19,0.43121208699383307,-1.1230530893619577
R175,1557666000,342,621,279,963,19,0.7569783225616088,-0.3787831384275965
R175,1557680400,867,552,-315,1419,19,-0.18694920879087318,0.13311293642318592
R175,1557694800,622,466,-156,1088,19,0.06571826172267,-0.23846074948823726
R175,1557709200,333,136,-197,469,19,0.0005650146091148395,-0.9333372195159441
R175,1557723600,47,31,-16,78,19,0.2881927640616388,-1.3722656521182597
R175,1557738000,443,880,437,1323,19,1.0080566894870167,0.02534534171775804
R175,1557752400,564,1038,474,1602,19,1.0668535222480298,0.3385449138304078
R175,1557766800,1486,631,-855,2117,19,-1.0450651463840386,0.9166731562605677
R175,1557781200,2406,614,-1792,3020,19,-2.5340552084669943,1.9303620939584987
R175,1557795600,481,189,-292,670,20,-0.04925797236838108,-0.858838354693792
R175,1557810000,81,31,-50,112,20,0.3164527881518714,-1.4691581242624177
R175,1557824400,441,1070,629,1511,20,1.3425585996942326,0.06101635177074963
R175,1557838800,598,1234,636,1832,20,1.3531370101225044,0.4121142837268945
R175,1557853200,1554,732,-822,2286,20,-0.8501947619375291,0.9086826983938409
R175,1557867600,2595,796,-1799,3391,20,-2.326638617426317,2.117290844224184
R175,1557882000,626,233,-393,859,20,-0.20188932283344513,-0.6521171424205477
R175,1557896400,106,47,-59,153,20,0.3028519747440934,-1.4243138401184863
R175,1557910800,463,952,489,1415,20,1.1309903911287973,-0.043984898907723606
R175,1557925200,655,1168,513,1823,20,1.167259226882872,0.40227041647578765
R175,1557939600,1534,715,-819,2249,20,-0.8456611574682698,0.8682134663615126
R175,1557954000,2340,875,-1465,3215,20,-1.8218973198487785,1.9247885513136496
R175,1557968400,746,256,-490,1002,20,-0.34847586733949676,-0.4957090294307387
R175,1557982800,113,44,-69,157,20,0.2877399598465623,-1.4199387880068832
R175,1557997200,489,1023,534,1512,20,1.1989944581676872,0.06211011479865039
R175,1558011600,608,1175,567,1783,20,1.24886410732954,0.35851989535975715
R175,1558026000,1595,792,-803,2387,20,-0.82148193363222,1.0191527642118179
R175,1558040400,2372,811,-1561,3183,20,-1.966972662865077,1.8897881344208252
R175,1558054800,732,248,-484,980,20,-0.3394086584009781,-0.5197718160445555
R175,1558069200,140,43,-97,183,20,0.24542631813347526,-1.3915009492814634
R175,1558083600,459,974,515,1433,20,1.1702816298623782,-0.024297164405509875
R175,1558098000,609,1197,588,1806,20,1.2805993386143553,0.3836764450014747
R175,1558112400,1810,906,-904,2716,20,-0.974113284097284,1.379000800391169
R175,1558126800,2060,806,-1254,2866,20,-1.5030338055108723,1.5430652545762833
R175,1558141200,807,276,-531,1083,20,-0.41043512841937424,-0.40711422417077686
R175,1558155600,248,51,-197,299,20,0.09430616915816431,-1.264624438044975
R175,1558170000,207,279,72,486,20,0.5008193699017508,-1.0600907518275324
R175,1558184400,453,840,387,1293,20,0.9768478391739802,-0.17742398831161668
R175,1558198800,1078,848,-230,1926,20,0.0444365199963117,0.5149280083495662
R175,1558213200,1243,615,-628,1858,20,-0.5570216729254258,0.44055212245231434
R175,1558227600,731,308,-423,1039,20,-0.2472253675260384,-0.4552397973984105
R175,1558242000,264,64,-200,328,20,0.08977256468890499,-1.232905310235853
R175,1558256400,129,226,97,355,20,0.5385994071455785,-1.2033737084825322
R175,1558270800,342,697,355,1039,20,0.9284893915018807,-0.4552397973984105
R175,1558285200,930,826,-104,1756,20,0.2348479077052035,0.32898829360643655
R175,1558299600,1009,448,-561,1457,20,-0.4557711731119675,0.001953148264108434
R175,1558314000,474,172,-302,646,20,-0.06436998726591217,-0.8850886673634103
R175,1558328400,60,49,-11,109,20,0.3753896462522427,-1.47243941334612
R175,1558342800,462,805,343,1267,20,0.9103549736248434,-0.2058618270370365
R175,1558357200,543,1054,511,1597,20,1.1642368239033658,0.15507997217021524
R175,1558371600,1535,664,-871,2199,20,-0.9242436349354314,0.8135253149664745
R175,1558386000,2285,573,-1712,2858,20,-2.1951640878177963,1.5343151503530772
R175,1558400400,606,192,-414,798,21,-0.4397407565711037,-0.5740645274549484
R175,1558414800,87,40,-47,127,21,0.2755572617685958,-1.402955116282459
R175,1558429200,471,810,339,1281,21,1.0278870576245196,0.022588459733855863
R175,1558443600,559,1078,519,1637,21,1.3787144235676965,0.4623575351773637
R175,1558458000,1424,734,-690,2158,21,-0.9776760510173081,1.1059521652505873
R175,1558472400,2341,699,-1642,3040,21,-2.8331630086723325,2.195492402725795
R175,1558486800,622,221,-401,843,21,-0.41440322458631873,-0.5184757398286622
R175,1558501200,114,35,-79,149,21,0.21318795226758658,-1.3757783756651636
R175,1558515600,503,878,375,1381,21,1.098052530813155,0.14611909890338054
R175,1558530000,612,1053,441,1665,21,1.2266892316589864,0.49694611414483064
R175,1558544400,1367,753,-614,2120,21,-0.8295489409524113,1.0590105223661679
R175,1558558800,2202,808,-1394,3010,21,-2.3498008600395113,2.1584332109749376
R175,1558573200,689,213,-476,902,21,-0.560581293729309,-0.4455926627186427
R175,1558587600,102,52,-50,154,21,0.26971013900287616,-1.3696018437066872
R175,1558602000,429,874,445,1303,21,1.2344853953466126,0.04976520035115129
R175,1558616400,632,1106,474,1738,21,1.2910075820819022,0.5871234807385837
R175,1558630800,1493,689,-804,2182,21,-1.1998667161146535,1.1355995186512733
R175,1558645200,2109,699,-1410,2808,21,-2.380985514790016,1.9089013198524978
R175,1558659600,626,212,-414,838,21,-0.4397407565711037,-0.5246522717871385
R175,1558674000,113,49,-64,162,21,0.24242356609618465,-1.3597193925731255
R175,1558688400,381,699,318,1080,21,0.9869571982644822,-0.22570812499688875
R175,1558702800,609,1040,431,1649,21,1.207198822439921,0.4771812118777067
R175,1558717200,1707,879,-828,2586,21,-1.2466436982404103,1.634663300896153
R175,1558731600,1320,781,-539,2101,21,-0.6833708718094209,1.0355397009239582
R175,1558746000,742,290,-452,1032,21,-0.5138043116035521,-0.2850028317982606
R175,1558760400,260,55,-205,315,21,-0.03239120389263723,-1.1707175146437525
R175,1558774800,161,283,122,444,21,0.6049451775708008,-1.0113629901150658
R175,1558789200,442,744,302,1186,21,0.9557725435139777,-0.09476564747719259
R175,1558803600,1030,857,-173,1887,21,0.02997810560837199,0.7711841331011755
R175,1558818000,1010,645,-365,1655,21,-0.3442377513976833,0.4845930502278782
R175,1558832400,626,252,-374,878,21,-0.36177911969484217,-0.47524001611932865
R175,1558846800,208,66,-142,274,21,0.09039837418747466,-1.2213650767032578
R175,1558861200,109,173,64,282,21,0.4919008041002215,-1.2114826255696958
R175,1558875600,388,709,321,1097,21,0.9928043210302019,-0.20470791633806956
R175,1558890000,921,1214,293,2135,21,0.9382311752168189,1.0775401182415967
R175,1558904400,884,508,-376,1392,21,-0.36567720153865524,0.15970746921202827
R175,1558918800,422,168,-254,590,21,-0.1278942090660576,-0.8310082569275598
R175,1558933200,106,37,-69,143,21,0.23267836148665194,-1.3831902140153352
R175,1558947600,117,247,130,364,21,0.6205375049460531,-1.1101875014506855
R175,1558962000,366,610,244,976,21,0.8427281700433984,-0.3541799897331944
R175,1558976400,792,638,-154,1430,21,0.06700988312459621,0.20664911209644765
R175,1558990800,771,471,-300,1242,21,-0.21755009147375837,-0.025588489542258765
R175,1559005200,449,135,-314,584,22,-0.0772645496954229,-0.8677124660934645
R175,1559019600,70,32,-38,102,22,0.39043814485775863,-1.4125119935442632
R175,1559034000,429,787,358,1216,22,1.0614898370427581,-0.15336951723681583
R175,1559048400,528,941,413,1469,22,1.1546914609573415,0.13259372020105145
R175,1559062800,1417,628,-789,2045,22,-0.8821876653213694,0.7836404583995161
R175,1559077200,2071,616,-1455,2687,22,-2.0107746021779596,1.5092863020165548
R175,1559091600,545,190,-355,735,22,-0.14674212388629407,-0.6970387552115753
R175,1559106000,78,35,-43,113,22,0.3819652699564329,-1.400078809307834
R175,1559120400,490,808,318,1298,22,0.9937068378321522,-0.06068578020161775
R175,1559134800,590,1020,430,1610,22,1.183499235621849,0.2919645363225506
R175,1559149200,1447,748,-699,2195,22,-0.7296759170975058,0.9531838798053662
R175,1559163600,2474,703,-1771,3177,22,-2.5462602959417473,2.063128145275665
R175,1559178000,576,201,-375,777,22,-0.18063362349159706,-0.6495665972179373
R175,1559192400,97,52,-45,149,22,0.37857611999590257,-1.35938838817043
R175,1559206800,474,782,308,1256,22,0.9767610880295007,-0.10815793819525579
R175,1559221200,549,1100,551,1649,22,1.3885428082339322,0.33604582588807164
R175,1559235600,1581,806,-775,2387,22,-0.8584636155976573,1.1701994592048544
R175,1559250000,2628,974,-1654,3602,22,-2.3479950232507245,2.543501172592241
R175,1559264400,728,216,-512,944,22,-0.4127903957879227,-0.46080825471942416
R175,1559278800,152,34,-118,186,22,0.2548721464365466,-1.317567677556987
R175,1559293200,428,753,325,1181,22,1.0055688626940082,-0.19292964889818087
R175,1559307600,714,1014,300,1728,22,0.9632044881873795,0.4253386944951527
R175,1559322000,1739,880,-859,2619,22,-1.00080791393993,1.4324266176459026
R175,1559336400,1813,771,-1042,2584,22,-1.3109151353284525,1.3928664859845377
R175,1559350800,730,288,-442,1018,22,-0.2941701471693622,-0.37716683349253805
R175,1559365200,288,60,-228,348,22,0.06846889860738005,-1.1344607824386688
R175,1559379600,150,319,169,469,22,0.7412151657726448,-0.9976957558379497
R175,1559394000,449,738,289,1187,22,0.9445641634044628,-0.18614791204194686
R175,1559408400,1023,832,-191,1855,22,0.13116817287719063,0.5688854579521059
R175,1559422800,1065,563,-502,1628,22,-0.3958446459852712,0.3123097468912526
R175,1559437200,659,303,-356,962,22,-0.14843669886655922,-0.4404630441507221
R175,1559451600,265,54,-211,319,22,0.0972766732718876,-1.1672391772437998
R175,1559466000,125,202,77,327,22,0.5853142675882509,-1.1581968614354878
R175,1559480400,406,648,242,1054,22,0.8649191393320008,-0.33647641235513404
R175,1559494800,816,797,-19,1613,22,0.4226350694827965,0.2953554047506676
R175,1559509200,880,420,-460,1300,22,-0.32467249681413485,-0.058425201249539746
R175,1559523600,433,137,-296,570,22,-0.04676220005065019,-0.8835365187580105
R175,1559538000,67,44,-23,111,22,0.4158567695617359,-1.402339388259912
R175,1559552400,458,823,365,1281,22,1.0733518619046143,-0.07990070129428077
R175,1559566800,587,950,363,1537,22,1.069962711944084,0.20945340457170353
R175,1559581200,1360,710,-650,2070,22,-0.6466417430645135,0.8118976953004912
R175,1559595600,2194,635,-1559,2829,22,-2.1870104001255353,1.669787407614093
R175,1559610000,590,175,-415,765,23,-0.24131192023381023,-0.6670945658267853
R175,1559624400,87,34,-53,121,23,0.38296285961652876,-1.430039377162652
R175,1559638800,420,709,289,1129,23,0.9727473201381197,-0.23586488985433893
R175,1559653200,544,987,443,1531,23,1.2383227789694795,0.2403832687745716
R175,1559667600,1355,684,-671,2039,23,-0.6827880076417848,0.842209300076777
R175,1559682000,2287,728,-1559,3015,23,-2.2141581858381967,1.9984734862006992
R175,1559696400,724,204,-520,928,23,-0.4223860967097373,-0.47398896916879424
R175,1559710800,112,47,-65,159,23,0.36226866801928,-1.3850208945061877
R175,1559725200,475,776,301,1251,23,0.9934415117353685,-0.09133186658884866
R175,1559739600,631,987,356,1618,23,1.0882898898894255,0.34345190011963433
R175,1559754000,1382,765,-617,2147,23,-0.5896641454541651,0.9701565665740963
R175,1559768400,2233,757,-1476,2990,23,-2.0710233606238924,1.9688560634003938
R175,1559782800,663,244,-419,907,23,-0.24820998409955985,-0.49886760432105076
R175,1559797200,86,44,-42,130,23,0.4019325352473402,-1.419377104954542
R175,1559811600,427,753,326,1180,23,1.0365544108963036,-0.17544534734171596
R175,1559826000,566,1036,470,1602,23,1.2848847100632892,0.3244967495274389
R175,1559840400,1346,752,-594,2098,23,-0.550000278226105,0.9121064178854977
R175,1559854800,2345,793,-1552,3138,23,-2.202086574073135,2.144191206378202
R175,1559869200,772,240,-532,1012,23,-0.4430802883069861,-0.37447442855976815
R175,1559883600,155,42,-113,197,23,0.27949190163028476,-1.3400024118497236
R175,1559898000,421,728,307,1149,23,1.003788607533993,-0.21217095161409463
R175,1559912400,591,1058,467,1649,23,1.279711162163977,0.38017750439201303
R175,1559926800,1710,803,-907,2513,23,-1.0897737757210113,1.403755636370567
R175,1559941200,1819,683,-1136,2502,23,-1.484687932035176,1.3907239703384326
R175,1559955600,790,305,-485,1095,23,-0.3620280378844283,-0.2761445848627543
R175,1559970000,252,70,-182,322,23,0.1605002999461041,-1.1919152978481966
R175,1559984400,176,243,67,419,23,0.5899047755890169,-1.0769996973830118
R175,1559998800,430,701,271,1131,23,0.9417060327422465,-0.2334954960303145
R175,1560013200,958,767,-191,1725,23,0.1449796562481675,0.4702144697049414
R175,1560027600,1175,623,-552,1798,23,-0.4775706076357341,0.5566973442818332
R175,1560042000,684,308,-376,992,23,-0.17405579754275163,-0.39816836680001244
R175,1560056400,280,51,-229,331,23,0.07944804952354627,-1.1812530256400868
R175,1560070800,144,203,59,347,23,0.5761086478575176,-1.1622978750478914
R175,1560085200,380,680,300,1060,23,0.9917169957689311,-0.3176089767831818
R175,1560099600,853,619,-234,1472,23,0.07082546969135926,0.17048615096585093
R175,1560114000,898,450,-448,1348,23,-0.2982209471262445,0.023583733876336218
R175,1560128400,482,141,-341,623,23,-0.1136977387174426,-0.8353215273325199
R175,1560142800,74,45,-29,119,23,0.4243512428110264,-1.4324087709866764
R175,1560154778,234,374,140,608,23,0.7157944411389471,-0.8530919810127031
R175,1560157200,462,822,360,1284,23,1.0951879537551752,-0.05223686849244556
R175,1560171600,546,919,373,1465,23,1.1176066613188613,0.1621932725817654
R175,1560186000,1575,635,-940,2210,23,-1.1466828026134455,1.044792472030866
R175,1560200400,2334,655,-1679,2989,23,-2.4211001018106844,1.9676713664883816
R175,1560214800,498,151,-347,649,24,-0.068620637349877,-0.870685941482421
R175,1560229200,76,38,-38,114,24,0.4009689712267091,-1.448953772174766
R175,1560243600,455,883,428,1338,24,1.1091526527693922,-0.12596344550667177
R175,1560258000,596,988,392,1584,24,1.0544431838090134,0.1399316691668178
R175,1560272400,1344,611,-733,1955,24,-0.6552277212028292,0.5409360900768366
R175,1560286800,2284,740,-1544,3024,24,-1.8877104802824776,1.6963908770116347
R175,1560301200,659,228,-431,887,24,-0.19627606492409458,-0.6134378224080693
R175,1560315600,91,41,-50,132,24,0.38273248157324946,-1.429498032076706
R175,1560330000,522,857,335,1379,24,0.9678198579550799,-0.08164759306109018
R175,1560333098,147,319,172,466,24,0.720107540162253,-1.0684859658126997
R175,1560340935,292,477,185,769,24,0.7398637372868343,-0.7409810074953529
R175,1560344400,616,968,352,1584,24,0.9936548849641478,0.1399316691668178
R175,1560358800,1454,724,-730,2178,24,-0.6506685987894643,0.7819710924028047
R175,1560373200,2331,718,-1613,3049,24,-1.9925702957898705,1.7234127382589406
R175,1560387600,755,191,-564,946,24,-0.3983971585832724,-0.5496662298644275
R175,1560402000,118,39,-79,157,24,0.33866096491072195,-1.4024761708294
R175,1560416400,454,763,309,1217,24,0.9283074637059173,-0.25674925394363207
R175,1560430800,616,1160,544,1776,24,1.2854387194195023,0.3474595635461267
R175,1560445200,1437,706,-731,2143,24,-0.6521883062605859,0.7441404866565766
R175,1560459600,2464,805,-1659,3269,24,-2.062476839461466,1.961205117235232
R175,1560474000,753,236,-517,989,24,-0.3269709074405554,-0.5031886285190614
R175,1560488400,157,43,-114,200,24,0.2854712034214646,-1.355998569484034
R175,1560502800,435,781,346,1216,24,0.9845366401374179,-0.2578301283935243
R175,1560517200,628,922,294,1550,24,0.9055118516390928,0.10318193787048183
R175,1560531600,1779,860,-919,2639,24,-0.9378933108314539,1.2802542138031245
R175,1560546000,1872,736,-1136,2608,24,-1.2676698320648494,1.2467471058564654
R175,1561165200,9700,7387,-2313,17087,25,-3.0280134044414946,4.049929217942401
R175,1561179600,255,57,-198,312,25,0.23844179113493283,-0.46474450516786336
R175,1561194000,165,272,107,437,25,0.7094908855324791,-0.43110312124006706
R175,1561208400,503,671,168,1174,25,0.8037007044119884,-0.23275352160178003
R175,1561222800,1104,743,-361,1847,25,-0.013299200297198444,-0.05162831053452471
R175,1561237200,1144,628,-516,1772,25,-0.25268480564677115,-0.0718131408912025
R175,1561251600,774,315,-459,1089,25,-0.16465267980854117,-0.2556296626726815
R175,1561266000,292,62,-230,354,25,0.18902024680469848,-0.45344100016812383
R175,1561280400,157,165,8,322,25,0.5565929827608166,-0.4620531944536397
R175,1561294800,422,532,110,954,25,0.7141241553134385,-0.29196235731470155
R175,1561309200,867,676,-191,1543,25,0.2492527539571716,-0.13344415624692532
R175,1561323600,949,449,-500,1398,25,-0.22797403348165396,-0.17246816160316905
R175,1561338000,545,162,-383,707,25,-0.047276512024234565,-0.358437731956027
R175,1561352400,80,51,-29,131,25,0.4994493221289831,-0.5134572290953124
R175,1561366800,411,689,278,1100,25,0.9735872630471689,-0.2526692208870354
R175,1561381200,578,1020,442,1598,25,1.2268726777396202,-0.11864194731869496
R175,1561395600,1365,665,-700,2030,25,-0.5368586855456187,-0.0023773244642309186
R175,1561410000,2210,634,-1576,2844,25,-1.8897734615857844,0.21669536767357864
R175,1561424400,666,178,-488,844,26,-0.27110107284513235,-0.6957157800072697
R175,1561438800,94,29,-65,123,26,0.45865372414981015,-1.5403142906783787
R175,1561453200,480,671,191,1151,26,0.9003020173666075,-0.33608784273122194
R175,1561467600,609,1057,448,1666,26,1.343675499228783,0.2671968077481416
R175,1561482000,1313,610,-703,1923,26,-0.642016631601427,0.5682534197349307
R175,1561496400,2265,688,-1577,2953,26,-2.149831507661899,1.7748227206936578
R175,1561510800,714,216,-498,930,26,-0.28835295929891347,-0.594973100509745
R175,1561525200,140,57,-83,197,26,0.42760032853300406,-1.4536287292502759
R175,1561539600,423,756,333,1179,26,1.1452788050102998,-0.30328790056923716
R175,1561554000,813,998,185,1811,26,0.8899508854943389,0.4370536510869915
R175,1561568400,1393,759,-634,2152,26,-0.522978615070337,0.8365100895597352
R175,1561582800,2348,851,-1497,3199,26,-2.01181641603165,2.06299364111681
R175,1561597200,754,246,-508,1000,26,-0.30560484575269464,-0.5129732451047829
R175,1561611600,114,45,-69,159,26,0.4517529695682977,-1.4981429364701124
R175,1561626000,444,674,230,1118,26,0.967584374536354,-0.3747449174221326
R175,1561640400,635,967,332,1602,26,1.1435536163649218,0.19222551137789057
R175,1561654800,1407,684,-723,2091,26,-0.6765204045089893,0.7650530727068396
R175,1561669200,2145,900,-1245,3045,26,-1.577068877396365,1.8825939592258936
R175,1561683600,923,218,-705,1141,26,-0.6454670088921832,-0.34780210778907367
R175,1561698000,199,53,-146,252,26,0.31891344387418286,-1.3892002714320915
R175,1561712400,423,606,183,1029,26,0.8865005082035826,-0.4790018764370129
R175,1561726800,665,964,299,1629,26,1.086622391067444,0.2238540270340902
R175,1561741200,1710,858,-852,2568,26,-0.8990697397627659,1.3238235159663667
R175,1561755600,1774,760,-1014,2534,26,-1.1785503003140205,1.2839950147696708
R175,1561770000,929,368,-561,1297,26,-0.39703984395773473,-0.16505957288658687
R175,1561784400,358,76,-282,434,26,0.08428778810275928,-1.1760006473791902
R175,1561798800,172,243,71,415,26,0.6932793799212338,-1.1982577509891086
R175,1561813200,418,813,395,1231,26,1.252240501023743,-0.2423737222684082
R175,1561827600,1014,796,-218,1810,26,0.1946998614069586,0.43588222458120635
R175,1561842000,1028,506,-522,1534,26,-0.3297574867879882,0.11256850898449887
R175,1561856400,818,337,-481,1155,26,-0.25902475232748556,-0.3314021367080813
R175,1561870800,331,63,-268,394,26,0.10844042913805288,-1.222857707610597
R175,1561885200,152,186,34,338,26,0.6294474000422435,-1.2884575919345667
R175,1561899600,357,1079,722,1436,26,1.8163771880623865,-0.002231288582447972
R175,1561914000,1620,1231,-389,2851,26,-0.100307396952699,1.6553372171035703
R175,1561928400,1982,544,-1438,2526,26,-1.9100302859543412,1.2746236027233895
R175,1561942800,1016,263,-753,1279,26,-0.7282760638703327,-0.18614524999071996
R175,1561957200,165,45,-120,210,26,0.36376834865401386,-1.4384001846750687
R175,1561971600,410,674,264,1084,26,1.02624078847921,-0.41457341861882846
R175,1561986000,561,964,403,1525,26,1.266042010186768,0.10202567043243232
R175,1562000400,1353,649,-704,2002,26,-0.643741820246805,0.6607961136919593
R175,1562014800,2009,566,-1443,2575,26,-1.9186562291812317,1.3320235015068629
R175,1562029200,600,177,-423,777,27,-0.5182148379813093,-0.4192422593177643
R175,1562043600,90,47,-43,137,27,0.38374835467043694,-1.4053573855079244
R175,1562058000,397,660,263,1057,27,1.110066083490001,0.012183108390430792
R175,1562063234,206,388,182,594,27,0.917805508214234,-0.7012095532127632
R175,1562072400,534,937,403,1471,27,1.4423683123616968,0.6500763306446907
R175,1562086800,1334,638,-696,1972,27,-1.1662041842811166,1.4220195778654254
R175,1562101200,1945,666,-1279,2611,27,-2.5500056087968215,2.4065938991709137
R175,1562115600,619,222,-397,841,27,-0.4565015669051372,-0.3206307466987483
R175,1562130000,133,59,-74,192,27,0.3101671468488471,-1.3206131168509576
R175,1562144400,358,647,289,1005,27,1.171779354566173,-0.06793874561251972
R175,1562158800,617,788,171,1405,27,0.891696047374315,0.5483832082563304
R175,1562173200,1509,716,-793,2225,27,-1.39644215714222,1.8118432136874731
R175,1562187600,1500,554,-946,2054,27,-1.7596010215520022,1.5483655784085397
R175,1562202000,652,213,-439,865,27,-0.556192235566646,-0.28365142946661726
R175,1562216400,142,48,-94,190,27,0.26269539986717627,-1.3236947266203019
R175,1562230800,132,181,49,313,27,0.6021183907861228,-1.1341757258056304
R175,1562245200,372,444,72,816,27,0.6567108998150443,-0.3591508688155514
R175,1562259600,790,517,-273,1307,27,-0.1621767356187779,0.39738432955846215
R175,1562274000,761,335,-426,1096,27,-0.52533560002856,0.07227449889264367
R175,1562288400,399,335,-64,734,27,0.3339030203396825,-0.4854968693586657
R175,1562302800,96,49,-47,145,27,0.37425400527410274,-1.3930309464305475
R175,1562317200,259,412,153,671,27,0.8489714750908113,-0.5825675770930095
R175,1562331600,426,604,178,1030,27,0.9083111588178998,-0.029418623495716594
R175,1562346000,1042,698,-344,1740,27,-0.33070143740370944,1.0645528446214925
R175,1562360400,903,511,-392,1414,27,-0.44463363015971946,0.5622504522183795
R175,1562374800,719,202,-517,921,27,-0.7413320487951623,-0.19736635592497825
R175,1562389200,226,50,-176,276,27,0.06806123724232574,-1.191185506538499
R175,1562403600,141,265,124,406,27,0.7801374419673884,-0.9908808715311228
R175,1562418000,473,657,184,1130,27,0.922552682912401,0.12466186497149594
R175,1562432400,877,679,-198,1556,27,0.015842315562487806,0.7810447458418214
R175,1562446800,895,442,-453,1337,27,-0.5894224584538156,0.44360847609862586
R175,1562461200,641,239,-402,880,27,-0.4683695036505549,-0.2605393561965354
R175,1562475600,232,48,-184,280,27,0.0490725384496574,-1.1850222869998106
R175,1562490000,151,180,29,331,27,0.5546466438044519,-1.1064412378815323
R175,1562504400,331,560,229,891,27,1.0293641136211604,-0.24359050246514202
R175,1562518800,780,593,-187,1373,27,0.04195177640240678,0.4990774519468224
R175,1562533200,805,413,-392,1218,27,-0.44463363015971946,0.26025269482264296
R175,1562547600,452,146,-306,598,27,-0.2405051181385348,-0.6950463336740748
R175,1562562000,77,41,-36,118,27,0.40036346611402174,-1.434632678316695
R175,1562576400,416,669,253,1085,27,1.0863302099991654,0.0553256451612503
R175,1562590800,544,1003,459,1547,27,1.5752892039103752,0.7671775018797722
R175,1562605200,1314,586,-728,1900,27,-1.24215897945179,1.3110816261690323
R175,1562619600,2066,536,-1530,2602,27,-3.145776033416791,2.3927266552088646
R175,1562634000,532,134,-398,666,28,-0.40538366944185866,-0.26579188256414527
R175,1562648400,103,42,-61,145,28,0.2971782407537448,-0.8440252736327752
R175,1562662800,492,717,225,1209,28,0.8934177253707851,0.3368582735784001
R175,1562677200,607,944,337,1551,28,1.1269101109550805,0.7164279851819921
R175,1562691600,1330,594,-736,1924,28,-1.1100303330801793,1.1304031384806468
R175,1562706000,2182,714,-1468,2896,28,-2.636069853148968,2.20918021356454
R175,1562720400,744,209,-535,953,28,-0.6909948910940773,0.05273591635465865
R175,1562734800,115,32,-83,147,28,0.25131366501397245,-0.8418055677169648
R175,1562749200,468,640,172,1108,28,0.7829257929067882,0.22476312482997085
R175,1562763600,619,997,378,1616,28,1.2123850021064744,0.7885684274458328
R175,1562778000,1313,564,-749,1877,28,-1.137132127835499,1.0782400494591005
R175,1562792400,2169,695,-1474,2864,28,-2.648578373805269,2.173664918911572
R175,1562806800,729,209,-520,938,28,-0.6597235894533234,0.036088121986080045
R175,1562821200,152,45,-107,197,28,0.20127958238876628,-0.7863129198217028
R175,1562835600,473,672,199,1145,28,0.8392141358601451,0.2658276842724647
R175,1562850000,581,1049,468,1630,28,1.4000128119509976,0.8041063688565061
R175,1562864400,1625,728,-897,2353,28,-1.445675637357604,1.6065300574219947
R175,1562878800,2516,818,-1698,3334,28,-3.1155631449738603,2.6952958091270354
R175,1562893200,616,194,-422,810,28,-0.45541775206706486,-0.10597305662579068
R175,1562907600,115,39,-76,154,28,0.26590693911299096,-0.8340365970116281
R175,1562922000,386,632,246,1018,28,0.9371975476678406,0.12487635861849924
R175,1562936400,582,969,387,1551,28,1.2311477830909268,0.7164279851819921
R175,1562948069,1200,683,-517,1883,28,-0.6534693291251726,1.0848991672065318
R175,1562948131,7,7,0,14,28,0.4243482007594772,-0.9894160111183617
R175,1562948193,10,9,-1,19,28,0.42226344731676024,-0.9838667463288355
R175,1562948269,12,1,-11,13,28,0.401415912889591,-0.990525864076267
R175,1562948331,12,0,-12,12,28,0.3993311594468741,-0.9916357170341722
R175,1562948398,17,6,-11,23,28,0.401415912889591,-0.9794273344972145
R175,1562948470,11,7,-4,18,28,0.4160091869886095,-0.9849765992867408
R175,1562948532,9,4,-5,13,28,0.4139244335458926,-0.990525864076267
R175,1562948594,13,7,-6,20,28,0.4118396801031756,-0.9827568933709303
R175,1562948672,9,4,-5,13,28,0.4139244335458926,-0.990525864076267
R175,1562948752,14,4,-10,18,28,0.40350066633230797,-0.9849765992867408
R175,1562948834,15,6,-9,21,28,0.4055854197750249,-0.9816470404130251
R175,1562948918,15,9,-6,24,28,0.4118396801031756,-0.9783174815393093
R175,1562949000,15,6,-9,21,28,0.4055854197750249,-0.9816470404130251
R175,1562949082,10,10,0,20,28,0.4243482007594772,-0.9827568933709303
R175,1562949163,11,3,-8,14,28,0.4076701732177418,-0.9894160111183617
R175,1562949243,17,11,-6,28,28,0.4118396801031756,-0.9738780697076884
R175,1562949331,12,5,-7,17,28,0.4097549266604587,-0.986086452244646
R175,1562949411,13,9,-4,22,28,0.4160091869886095,-0.9805371874551199
R175,1562949491,11,8,-3,19,28,0.4180939404313264,-0.9838667463288355
R175,1562950800,1293,680,-613,1973,28,-0.8536056596259973,1.1847859334180035
R175,1562965200,1844,718,-1126,2562,28,-1.9230841757397796,1.8384893256241899
R175,1562979600,970,283,-687,1253,28,-1.0078774143870497,0.38569180372623063
R175,1562994000,272,59,-213,331,28,-0.019704282539227676,-0.6375926234624006
R175,1563008400,170,275,105,445,28,0.6432473122447543,-0.5110693862612032
R175,1563022800,464,652,188,1116,28,0.8162818479902589,0.23364194849321276
R175,1563037200,946,666,-280,1612,28,-0.1593827632012616,0.7841290156142118
R175,1563051600,893,735,-158,1628,28,0.09495715681020316,0.8018866629406957
R175,1563066000,441,375,-66,816,28,0.2867544735401602,-0.09931393887835924
R175,1563080400,191,47,-144,238,28,0.1241437050082401,-0.7408089485475879
R175,1563094800,125,175,50,300,28,0.5285858728953234,-0.6719980651574631
R175,1563109200,377,535,158,912,28,0.7537392447087512,0.007231945080543806
R175,1563123600,769,619,-150,1388,28,0.11163518435193855,0.5355219530434381
R175,1563138000,808,403,-405,1211,28,-0.4199769435408771,0.3390779794942106
R175,1563152400,446,183,-263,629,28,-0.12394195467507389,-0.30685644200663914
R175,1563166800,82,46,-36,128,28,0.34929707682166794,-0.8628927739171643
R175,1563181200,444,657,213,1101,28,0.868400684058182,0.21699415412463416
R175,1563195600,540,985,445,1525,28,1.3520634827685083,0.6875718082764559
R175,1563210000,1251,632,-619,1883,28,-0.8661141802822989,1.0848991672065318
R175,1563224400,2172,599,-1573,2771,28,-2.854968964634245,2.070448593826385
R175,1563238800,576,163,-413,739,29,-0.23606152591244742,-0.5791653025005324
R175,1563253200,99,36,-63,135,29,0.37677520690139116,-1.2768308395893797
R175,1563267600,448,795,347,1243,29,1.0946696653404593,0.0029926953351943875
R175,1563282000,608,1065,457,1673,29,1.28727549565338,0.4996751141236121
R175,1563296400,1324,654,-670,1978,29,-0.6860587840071803,0.8519731088456293
R175,1563310800,2243,682,-1561,2925,29,-2.2461660095418376,1.9458295055726795
R175,1563325200,760,191,-569,951,29,-0.509211612538044,-0.3342893192839172
R175,1563339600,132,47,-85,179,29,0.338254040838807,-1.2260075223180067
R175,1563354000,432,667,235,1099,29,0.8985619108400309,-0.16333816118929897
R175,1563368400,612,1021,409,1633,29,1.2032293151531963,0.4534720984223639
R175,1563382800,1372,629,-743,2001,29,-0.8138790168512094,0.878539842873847
R175,1563397200,2381,727,-1654,3108,29,-2.4090054842609434,2.15720830240589
R175,1563411600,634,180,-454,814,29,-0.30785097175635423,-0.49253464806069214
R175,1563426000,105,37,-68,142,29,0.368020396432622,-1.2687453118416612
R175,1563440400,427,695,268,1122,29,0.9563436599339071,-0.1367714271610813
R175,1563454800,581,1095,514,1676,29,1.387080334997348,0.5031403403012057
R175,1563469200,1374,689,-685,2063,29,-0.7123232154134876,0.9501545172107817
R175,1563483600,2282,793,-1489,3075,29,-2.1200967387915624,2.11909081445236
R175,1563498000,721,254,-467,975,29,-0.3306134789751539,-0.3065675098631683
R175,1563512400,159,48,-111,207,29,0.29272902640120757,-1.193665411327133
R175,1563526800,417,589,172,1006,29,0.7882512989335398,-0.27076017269470093
R175,1563541200,585,895,310,1480,29,1.0298840678715677,0.2767455633650897
R175,1563555600,1757,756,-1001,2513,29,-1.2656272370396962,1.4699384438498235
R175,1563570000,2038,804,-1234,2842,29,-1.6736014048843373,1.8499582479925896
R175,1563584400,810,252,-558,1062,29,-0.48995102950675196,-0.20607595071295354
R175,1563598800,246,50,-196,296,29,0.1438972484321325,-1.0908637013918558
R175,1563613200,147,254,107,401,29,0.6744387628395413,-0.9695807851760794
R175,1563621044,168,337,169,505,29,0.7829984126522784,-0.8494529443528341
R175,1563621126,2,5,3,7,29,0.49233870508914357,-1.4246804898333738
R175,1563627600,399,453,54,852,29,0.5816377718705886,-0.44864178314450637
R175,1563642000,816,650,-166,1466,29,0.19642611124474724,0.26057450786965286
R175,1563656400,831,509,-322,1340,29,-0.0767239753808494,0.11503500841072117
R175,1563670800,577,272,-305,849,29,-0.046957619787034374,-0.45210700932209996
R175,1563685200,276,65,-211,341,29,0.11763281702582512,-1.0388853087279517
R175,1563699600,146,172,26,318,29,0.5326108332454815,-1.0654520427561693
R175,1563714000,396,548,152,944,29,0.7532320570584634,-0.3423748470316356
R175,1563728400,697,578,-119,1275,29,0.27872132965117696,0.039955107896192915
R175,1563742800,749,360,-389,1109,29,-0.19403843566235562,-0.15178740726398696
R175,1563757200,408,180,-228,588,29,0.08786646143201012,-0.7535816867727442
R175,1563771600,68,35,-33,103,29,0.42930406971400586,-1.3137932521503781
R175,1563786000,390,650,260,1040,29,0.9423359631838766,-0.23148760934864002
R175,1563800400,529,964,435,1493,29,1.248754329590796,0.2917615434679954
R175,1563814800,1337,633,-704,1970,29,-0.7455914951948104,0.8427325057053797
R175,1563829200,2350,690,-1660,3040,29,-2.4195112568234665,2.078663175713768
R175,1563843600,480,146,-334,626,30,-0.1111478969942843,-0.7952971482753888
R175,1563858000,72,34,-38,106,30,0.43544650784469596,-1.428427195601134
R175,1563872400,455,632,177,1087,30,0.8324660924405769,-0.23400301016544936
R175,1563886800,555,984,429,1539,30,1.2978099776413305,0.31633310789462143
R175,1563901200,1314,564,-750,1878,30,-0.8793346281193376,0.7290851964396745
R175,1563915600,2133,724,-1409,2857,30,-2.096245819973689,1.9210742663087217
R175,1563930000,622,191,-431,813,30,-0.29026836074219337,-0.5676138427947843
R175,1563944400,126,48,-78,174,30,0.3615823990826716,-1.3456332663354595
R175,1563958800,485,687,202,1172,30,0.8786311604168421,-0.1305105985833564
R175,1563973200,565,1091,526,1656,30,1.4769304413892395,0.45878736854291413
R175,1563987600,1397,669,-728,2066,30,-0.8387093683002242,0.9579860597035978
R175,1564002000,2160,789,-1371,2949,30,-2.026074916649766,2.033089582374046
R175,1564016400,774,217,-557,991,30,-0.5229403033425701,-0.35088855736404845
R175,1564030800,119,44,-75,163,30,0.3671222072398234,-1.3590264019519658
R175,1564045200,393,724,331,1117,30,1.1168429111743707,-0.19747627666588713
R175,1564059600,568,1126,558,1694,30,1.536021728398859,0.5050545643090263
R175,1564074000,1430,707,-723,2137,30,-0.8294763547049712,1.0444326623192284
R175,1564088400,2242,737,-1505,2979,30,-2.2735196810025475,2.069616315873608
R175,1564102800,778,232,-546,1010,30,-0.5026276734330134,-0.32775495948099237
R175,1564117200,151,39,-112,190,30,0.29879790663495087,-1.3261523418023597
R175,1564131600,410,571,161,981,30,0.8029204489357672,-0.36306413519723585
R175,1564146000,570,970,400,1540,30,1.2442584987888627,0.3175506656779402
R175,1564160400,1566,780,-786,2346,30,-0.9458123260051595,1.2989022390328453
R175,1564174800,1797,773,-1024,2570,30,-1.3853037731392044,1.5716351824962431
R175,1564189200,907,299,-608,1206,30,-0.6171170420141512,-0.0891136339505192
R175,1564203600,284,73,-211,357,30,0.11598423744894061,-1.12282019198813
R175,1564218000,151,251,100,402,30,0.69027768307368,-1.0680300917387868
R175,1564232400,476,527,51,1003,30,0.5997941498402002,-0.3362778639642236
R175,1564246800,988,745,-243,1733,30,0.05689295043932112,0.5525393178584571
R175,1564261200,931,565,-366,1496,30,-0.17023918400390378,0.2639781232119156
R175,1564275600,676,248,-428,924,30,-0.28472855258504154,-0.4324649288464041
R175,1564290000,255,50,-205,305,30,0.12706385376324425,-1.1861331967207045
R175,1564304400,128,146,18,274,30,0.5388562601115301,-1.2238774880035856
R175,1564318800,335,571,236,906,30,0.9414156528645629,-0.45438096894614144
R175,1564333200,652,521,-131,1173,30,0.26371245497298934,-0.12929304080003765
R175,1564347600,741,413,-328,1154,30,-0.10006828067998065,-0.15242663868309372
R175,1564362000,415,150,-265,565,30,0.01626769062020772,-0.869568173057832
R175,1564376400,85,31,-54,116,30,0.4059008643398862,-1.4162516177679465
R175,1564390800,396,669,273,1065,30,1.0097399534694356,-0.26078928139846164
R175,1564405200,528,1010,482,1538,30,1.3956799217510127,0.3151155501113027
R175,1564419600,1350,663,-687,2013,30,-0.7629986568191492,0.8934554971877046
R175,1564434000,2153,702,-1451,2855,30,-2.1738031341738147,1.9186391507420841
R175,1564448400,543,164,-379,707,31,-0.09518275594434851,-0.8473542043432322
R175,1564462800,100,41,-59,141,31,0.400077112383969,-1.4494286635857507
R175,1564477200,449,763,314,1212,31,0.9773643964041641,-0.3101676285173103
R175,1564491600,610,1053,443,1663,31,1.177016030824017,0.16957721444801802
R175,1564506000,1422,694,-728,2116,31,-0.6353255498399197,0.6514495290007757
R175,1564520400,2385,740,-1645,3125,31,-2.0545546100182546,1.724758944858905
R175,1564534800,607,196,-411,803,31,-0.14470874277718027,-0.7452355681466213
R175,1564549200,105,55,-50,160,31,0.4140062961807029,-1.4292176835051713
R175,1564563600,456,698,242,1154,31,0.8659309260302925,-0.3718643045527627
R175,1564578000,585,1061,476,1646,31,1.2280897047453747,0.15149370595486816
R175,1564592400,1485,678,-807,2163,31,-0.7575928298334731,0.7014451113053665
R175,1564606800,2279,797,-1482,3076,31,-1.8022816145885179,1.6726358909668848
R175,1564621200,599,198,-401,797,31,-0.12923187189192034,-0.7516179829089095
R175,1564635600,102,42,-60,144,31,0.398529425295443,-1.4462374562046065
R175,1564650000,429,857,428,1286,31,1.153800724496127,-0.23145117978242272
R175,1564664400,592,1074,482,1666,31,1.2373758272765307,0.1727684218291621
R175,1564678800,1462,635,-827,2097,31,-0.788546571603993,0.6312385489201965
R175,1564693200,2332,879,-1453,3211,31,-1.757398689021264,1.8162402231183687
R175,1564707600,676,250,-426,926,31,-0.16792404910507014,-0.6143960655197136
R175,1564722000,134,45,-89,179,31,0.3536464997281892,-1.409006703424592
R175,1564736400,402,699,297,1101,31,0.9510537158992222,-0.42824230161964166
R175,1564750800,605,951,346,1556,31,1.0268903832369958,0.05575748452054544
R175,1564765200,1688,836,-852,2524,31,-0.8272387488171428,1.085453732836372
R175,1564779600,1806,827,-979,2633,31,-1.0237950090599437,1.201400934351274
R175,1565398800,9421,7454,-1967,16875,32,-2.7867528053926924,4.05607602610767
R175,1565413200,189,58,-131,247,32,0.1938163623026278,-0.45185659595049515
R175,1565427600,156,285,129,441,32,0.615901320690854,-0.39926224132701166
R175,1565442000,412,634,222,1046,32,0.7668778634989504,-0.23524376427955013
R175,1565456400,840,720,-120,1560,32,0.21167380284982198,-0.09589583501939276
R175,1565470800,924,480,-444,1404,32,-0.3143089914493522,-0.13818820265477127
R175,1565485200,512,237,-275,749,32,-0.03995376849700518,-0.3157619257392131
R175,1565499600,226,41,-185,267,32,0.10615256325276544,-0.446434497535703
R175,1565514000,131,180,49,311,32,0.48602902580216906,-0.4345058810231604
R175,1565528400,317,570,253,887,32,0.8172033777683158,-0.27834944667714745
R175,1565542800,765,621,-144,1386,32,0.1727121143832165,-0.14306809122808417
R175,1565557200,741,401,-340,1142,32,-0.14547500809406172,-0.209217691888548
R175,1565571600,389,165,-224,554,32,0.0428398194945315,-0.3686273852834362
R175,1565586000,68,43,-25,111,32,0.3658971530301354,-0.48872686517108155
R175,1565600400,369,822,453,1191,32,1.1418841149900283,-0.1959335507723073
R175,1565614800,527,1049,522,1576,32,1.253898969331519,-0.09155815628755908
R175,1565629200,1341,622,-719,1963,32,-0.7607450051292068,0.013359448038668365
R175,1565643600,2149,588,-1561,2737,32,-2.1276509088326163,0.22319465669112323
R175,1565658000,521,155,-366,676,33,-0.20680743785822728,-0.8087478138928751
R175,1565672400,90,36,-54,126,33,0.3417765025657019,-1.5091330017509172
R175,1565686800,413,728,315,1141,33,0.9905825090286181,-0.21660397324925768
R175,1565701200,554,1009,455,1563,33,1.236741969475253,0.32078247998000375
R175,1565715600,1349,626,-723,1975,33,-0.8345140619971462,0.8454346570663916
R175,1565730000,2169,631,-1538,2800,33,-2.267513778168628,1.896012438853455
R175,1565744400,581,183,-398,764,33,-0.2630724573888867,-0.6966861838355883
R175,1565758800,100,39,-61,139,33,0.32946852954337014,-1.4925784427651816
R175,1565773200,323,849,526,1172,33,1.3615799815589036,-0.17712771720634984
R175,1565787600,569,998,429,1567,33,1.1910266411065922,0.32587619043715316
R175,1565802000,1406,671,-735,2077,33,-0.8556134443211434,0.9753242737237013
R175,1565816400,2136,680,-1456,2816,33,-2.1233346656213135,1.9163872806820526
R175,1565830800,634,178,-456,812,33,-0.3650528052882068,-0.6355616583497956
R175,1565845200,114,45,-69,159,33,0.3154022746607053,-1.4671098904794346
R175,1565859600,435,784,349,1219,33,1.0503640922799438,-0.11727661933484443
R175,1565874000,570,1077,507,1647,33,1.3281726262125746,0.4277503995801411
R175,1565888400,1544,762,-782,2306,33,-0.9382526917567994,1.2669391973955042
R175,1565902800,2182,723,-1459,2905,33,-2.1286095112023125,2.0297223383536265
R175,1565917200,714,215,-499,929,33,-0.4406589252825304,-0.48657062747817575
R175,1565931600,148,42,-106,190,33,0.2503458458283804,-1.4276336344365268
R175,1565946000,355,667,312,1022,33,0.9853076634476189,-0.36814185934945226
R175,1565960400,561,913,352,1474,33,1.055638937860943,0.20744742230842964
R175,1565974800,1600,736,-864,2336,33,-1.0824318043041141,1.3051420258241249
R175,1565989200,1518,771,-747,2289,33,-0.8767128266451407,1.2452909279526194
R175,1566003600,865,227,-638,1092,33,-0.6850601038688321,-0.2790019263493378
R175,1566018000,286,65,-221,351,33,0.04814343189007315,-1.2226117885362637
R175,1566032400,176,351,175,527,33,0.7444230485819833,-0.9984885284216901
R175,1566046800,500,818,318,1318,33,0.9958573546096174,0.008792714479603154
R175,1566061200,1057,836,-221,1893,33,0.04814343189007315,0.741013592694829
R175,1566075600,1110,703,-407,1813,33,-0.2788969941318846,0.6391393835518411
R175,1566090000,738,325,-413,1063,33,-0.28944668529388323,-0.31593132716367095
R175,1566104400,260,60,-200,320,33,0.08506735095706838,-1.2620880445791716
R175,1566118800,122,245,123,367,33,0.6529923918446617,-1.2022369467076661
R175,1566133200,401,735,334,1136,33,1.0239898643749472,-0.22297111132069442
R175,1566147600,942,689,-253,1631,33,-0.008121587640586255,0.4073755577515435
R175,1566162000,902,459,-443,1361,33,-0.34219514110387644,0.06355010189395917
R175,1566176400,473,230,-243,703,33,0.009461230962744807,-0.7743652683071167
R175,1566190800,92,42,-50,134,33,0.3488096300070343,-1.4989455808366186
R175,1566205200,397,843,446,1240,33,1.2209174327322552,-0.09053463943481009
R175,1566219600,522,1012,490,1534,33,1.2982818345869118,0.2838530791656706
R175,1566234000,1338,581,-757,1919,33,-0.8942956452484717,0.7741227106663001
R175,1566248400,1982,578,-1404,2560,33,-2.0319040088839917,1.590389811424491
R175,1566262800,586,134,-452,720,34,-0.5514668975169194,-0.7638425494543928
R175,1566277200,94,38,-56,132,34,0.24637560765891595,-1.5790480637727022
R175,1566291600,409,743,334,1152,34,1.0321295900290566,-0.1649160491389
R175,1566306000,506,1049,543,1555,34,1.4532131344274142,0.39380473703504343
R175,1566320400,1429,649,-780,2078,34,-1.2123061442282175,1.118893995518846
R175,1566334800,2195,720,-1475,2915,34,-2.612560035887827,2.279314089880113
R175,1566349200,610,235,-375,845,34,-0.3963308548438403,-0.5905420574649561
R175,1566363600,108,47,-61,155,34,0.23630183865417054,-1.547160773246646
R175,1566378000,267,791,524,1058,34,1.4149328122093816,-0.2952380191149563
R175,1566392400,494,906,412,1400,34,1.1892803865030848,0.1789121269681421
R175,1566406800,1205,658,-547,1863,34,-0.7428685086070819,0.8208171492970151
R175,1566421200,1838,651,-1187,2489,34,-2.0323109412144924,1.6887060131801133
R175,1566435600,623,198,-425,821,34,-0.49706854489129426,-0.623815751926928
R175,1566450000,104,38,-66,142,34,0.22622806964942516,-1.5651840244135473
R175,1566464400,397,763,366,1160,34,1.096601711659427,-0.15382481765157607
R175,1566478800,703,1090,387,1793,34,1.1389115414793578,0.7237688737829306
R175,1566493200,1223,652,-571,1875,34,-0.7912225998298598,0.837453996528001
R175,1566507600,1729,646,-1083,2375,34,-1.8227765459157883,1.5306559644857471
R175,1566522000,680,241,-439,921,34,-0.5252750981045814,-0.4851753583353788
R175,1566536400,132,35,-97,167,34,0.1637707018200037,-1.53052392601566
R175,1566550800,338,721,383,1059,34,1.1308525262755615,-0.2938516151790408
R175,1566565200,563,914,351,1477,34,1.066380404645191,0.28566523003363503
R175,1566579600,1288,738,-550,2026,34,-0.7489127700099292,1.0468009908512403
R175,1566594000,1334,771,-563,2105,34,-0.7751045694222671,1.1563269017885642
R175,1566608400,885,297,-588,1182,34,-0.8254734144459941,-0.12332393106143524
R175,1566622800,283,61,-222,344,34,-0.08807352329863119,-1.2851304293586179
R175,1566637200,187,376,189,563,34,0.7399902888914404,-0.9815079673931251
R175,1566651600,459,905,446,1364,34,1.2577820157353534,0.12900158527518438
R175,1566666000,1111,954,-157,2065,34,0.04288547376305895,1.1008707443519445
R175,1566680400,1124,683,-441,1807,34,-0.5293046057064795,0.7431785288857475
R175,1566694800,703,412,-291,1115,34,-0.22709153556411765,-0.21621299476777323
R175,1566709200,254,59,-195,313,34,-0.03367517067300605,-1.3281089513719981
R175,1566723600,136,232,96,368,34,0.552618185403176,-1.251856734896646
R175,1566738000,394,753,359,1147,34,1.0824984350527835,-0.17184806881847747
R175,1566752400,833,971,138,1804,34,0.6372378450430373,0.7390193170780011
R175,1566766800,997,627,-370,1624,34,-0.3862570858390949,0.4894666086132124
R175,1566781200,506,219,-287,725,34,-0.21903252036032134,-0.7569105297748153
R175,1566795600,94,58,-36,152,34,0.2866706836778975,-1.5513199850543924
R175,1566810000,359,632,273,991,34,0.9092296081711629,-0.38812708282129427
R175,1566824400,494,983,489,1477,34,1.344416429176164,0.28566523003363503
R175,1566838800,1090,669,-421,1759,34,-0.48900952968749795,0.6766311399618039
R175,1566853200,1670,627,-1043,2297,34,-1.7421863938778253,1.4225164574843387
R175,1566867600,547,182,-365,729,35,-0.5703034570681708,-0.5654482446655354
R175,1566882000,104,34,-70,138,35,0.17758602568740028,-1.4604588510351264
R175,1566896400,406,672,266,1078,35,1.0294194704530677,-0.03692252279922882
R175,1566910800,540,1047,507,1587,35,1.640407149585585,0.7339072549370178
R175,1566925200,1195,641,-554,1836,35,-1.0494597697488586,1.1109929418846118
R175,1566939600,1757,673,-1084,2430,35,-2.3931256201232745,2.0105467493017644
R175,1566954000,521,222,-299,743,35,-0.4029790304177718,-0.5442466397769157
R175,1566968400,95,44,-51,139,35,0.2257551788140303,-1.4589444506859393
R175,1566982800,389,737,348,1126,35,1.2373073944732602,0.03576869396175318
R175,1566997200,570,962,392,1532,35,1.3488570122401928,0.650615235731726
R175,1567011600,1185,658,-527,1843,35,-0.9810088679373318,1.121593744328922
R175,1567026000,1848,603,-1245,2451,35,-2.8012958124068232,2.042349156634694
R175,1567040400,535,240,-295,775,35,-0.39283815607532335,-0.4957858286029277
R175,1567054800,113,50,-63,163,35,0.195332555786685,-1.4225988423054483
R175,1567069200,365,700,335,1065,35,1.2043495528603028,-0.056609727338661445
R175,1567083600,559,1094,535,1653,35,1.711393269982724,0.8338576779833681
R175,1567098000,1204,737,-467,1941,35,-0.8288957528006055,1.27000497854926
R175,1567112400,1647,707,-940,2354,35,-2.028054143795131,1.8954523227635427
R175,1567126800,643,199,-444,842,35,-0.770585725331527,-0.39432100520739033
R175,1567141200,115,44,-71,159,35,0.1750508071017882,-1.4286564437021967
R175,1567155600,349,561,212,910,35,0.8925176668300139,-0.2913417814626658
R175,1567170000,635,832,197,1467,35,0.8544893880458323,0.5521792130345629
R175,1567184400,1299,780,-519,2079,35,-0.9607271192524349,1.4789922267370834
R175,1567198800,1159,687,-472,1846,35,-0.841571845728666,1.1261369453764831
R175,1567213200,715,273,-442,988,35,-0.7655152881603028,-0.17321855422607008
R175,1567227600,198,54,-144,252,35,-0.01002014964789549,-1.2878172112277941
R175,1567242000,174,265,91,439,35,0.5857562179709492,-1.0046243459298017
R175,1567256400,390,655,265,1045,35,1.0268842518674555,-0.08689773432240394
R175,1567270800,863,793,-70,1656,35,0.17758602568740028,0.8384008790309294
R175,1567285200,807,561,-246,1368,35,-0.2686124453803302,0.40225357846503745
R175,1567299600,560,281,-279,841,35,-0.35227465870552965,-0.3958354055565775
R175,1567314000,205,52,-153,257,35,-0.032837116918404435,-1.2802452094818584
R175,1567328400,129,211,82,340,35,0.5629392507004403,-1.154549980499327
R175,1567342800,342,630,288,972,35,1.085194279336534,-0.19744895981306407
R175,1567357200,770,733,-37,1503,35,0.26124823901259975,0.6066976256052993
R175,1567371600,802,541,-261,1343,35,-0.30664072416451177,0.3643935697353593
R175,1567386000,444,231,-213,675,35,-0.18495023205513075,-0.6472258635216402
R175,1567400400,142,38,-104,180,35,0.09138859377658871,-1.3968540363692672
R175,1567414800,123,193,70,316,35,0.532516627673095,-1.190895588879818
R175,1567429200,320,615,295,935,35,1.1029408094358186,-0.2534817727329877
R175,1567443600,703,620,-83,1323,35,0.14462818407444292,0.3341055627516168
R175,1567458000,624,357,-267,981,35,-0.32185203567818443,-0.18381935667037994
R175,1567472400,372,138,-234,510,36,-0.05634775823186521,-1.0277909978368582
R175,1567486800,76,36,-40,112,36,0.28801341332140923,-1.5248553191124676
R175,1567501200,394,807,413,1201,36,1.0921144994741583,-0.16479741491865188
R175,1567515600,491,1192,701,1683,36,1.6033310840480914,0.4371749540633676
R175,1567530000,1262,735,-527,1997,36,-0.5764396307324292,0.8293312276325671
R175,1567544400,1892,581,-1311,2473,36,-1.9680847776281363,1.4238101646355572
R175,1567558800,529,178,-351,707,36,-0.2640294957150256,-0.78175664785873
R175,1567573200,82,37,-45,119,36,0.27913812539477845,-1.5161129818036003
R175,1567586576,242,666,424,908,36,1.1116401329127459,-0.5307266765612488
R175,1567587600,481,780,299,1261,36,0.8897579347469764,-0.089863095128359
R175,1567602000,582,1253,671,1835,36,1.5500793564883066,0.6270085641987763
R175,1567616400,1243,644,-599,1887,36,-0.7042437768759124,0.6919516413503635
R175,1567630800,1928,702,-1226,2630,36,-1.817204882875413,1.619888301420157
R175,1567645200,601,215,-386,816,36,-0.32615651120144107,-0.6456259669063645
R175,1567659600,95,55,-40,150,36,0.28801341332140923,-1.4773969165786156
R175,1567674000,521,885,364,1406,36,1.0051366777931765,0.09122817769818213
R175,1567688400,641,1115,474,1756,36,1.2003930121790538,0.5283450431415573
R175,1567702800,1646,687,-959,2333,36,-1.3432645075933292,1.2489634184582072
R175,1567717200,2033,733,-1300,2766,36,-1.9485591441895485,1.789739426278154
R175,1567731600,700,258,-442,958,36,-0.42555973597970587,-0.46828141006933804
R175,1567746000,129,46,-83,175,36,0.21168593715238448,-1.4461742833326603
R175,1567760400,464,876,412,1340,36,1.090339441888832,0.008800425928859965
R175,1567774800,647,1095,448,1742,36,1.1542415149605736,0.5108603685238223
R175,1567789200,1857,698,-1159,2555,36,-1.6982760246585604,1.526220401682291
R175,1567803600,1890,829,-1061,2719,36,-1.524320381296597,1.731040875775758
R175,1567818000,748,297,-451,1045,36,-0.4415352542476413,-0.3596266463734134
R175,1567832400,233,55,-178,288,36,0.04305546654639957,-1.3050479810609419
R175,1567846800,177,331,154,508,36,0.6323745848746837,-1.0302888084965347
R175,1567861200,548,747,199,1295,36,0.7122521762143608,-0.047400313913859696
R175,1567875600,1003,898,-105,1901,36,0.172634670275209,0.7094363159680984
R175,1567890000,1016,639,-377,1655,36,-0.31018099293350565,0.40220560482789763
R175,1567904400,695,323,-372,1018,36,-0.30130570500687487,-0.3933470902790452
R175,1567918800,278,69,-209,347,36,-0.011971318598711292,-1.2313625666004873
R175,1567933200,140,192,52,332,36,0.45131871117141564,-1.2500961465480604
R175,1567947600,424,671,247,1095,36,0.7974549403100163,-0.29718137988150267
R175,1567962000,807,714,-93,1521,36,0.1939353612991229,0.23485229062957683
R175,1567976400,926,429,-497,1355,36,-0.5231879031726445,0.027534005876433187
R175,1567990800,422,206,-216,628,36,-0.02439672169599439,-0.8804201689159489
R175,1568005200,92,43,-49,135,36,0.2720378950534738,-1.4961304965261888
R175,1568019600,511,911,400,1422,36,1.0690387508649182,0.11121066297559358
R175,1568034000,615,1133,518,1748,36,1.2784955459334046,0.5183538005028516
R175,1568048400,1670,756,-914,2426,36,-1.263386916253652,1.3651116141331612
R175,1568062800,1904,655,-1249,2559,36,-1.8580312073379146,1.5312160230016438
R175,1568077200,588,141,-447,729,37,-0.5362674205413289,-0.5667881028660153
R175,1568091600,111,44,-67,155,37,0.10798007903259732,-0.8884710744481398
R175,1568106000,525,903,378,1428,37,0.8624278087968005,-0.17505221935398582
R175,1568120400,624,1132,508,1756,37,1.082828269177354,0.008766621550085254
R175,1568134800,1649,646,-1003,2295,37,-1.4789032357073897,0.3108347777918362
R175,1568149200,2018,775,-1243,2793,37,-1.8857963933330273,0.5899255789205783
R175,1568163600,697,247,-450,944,37,-0.5413535850116494,-0.44629709434657855
R175,1568178000,135,50,-85,185,37,0.07746309221067449,-0.8716583755849625
R175,1568192400,546,910,364,1456,37,0.8386923746019715,-0.15936036708168708
R175,1568206800,628,1154,526,1782,37,1.113345255999277,0.023337627231505523
R175,1568221200,1633,779,-854,2412,37,-1.2262904003481396,0.37640430335822744
R175,1568235600,1978,775,-1203,2753,37,-1.8179808670620876,0.5675086471030086
R175,1568250000,676,225,-451,901,37,-0.5430489731684229,-0.4703952960504659
R175,1568264400,110,53,-57,163,37,0.12493396060033221,-0.8839876880846258
R175,1568278800,529,896,367,1425,37,0.843778539072292,-0.17673348924030355
R175,1568293200,621,1185,564,1806,37,1.1777700059566696,0.03678778632204731
R175,1568307600,1431,764,-667,2195,37,-0.9092528150314969,0.2547924482479121
R175,1568322000,2044,754,-1290,2798,37,-1.9654796367013814,0.5927276953977745
R175,1568336400,738,229,-509,967,37,-0.6413814862612853,-0.433407358551476
R175,1568350800,155,43,-112,198,37,0.031687611977790256,-0.8643728727442525
R175,1568365200,491,877,386,1368,37,0.8759909140509883,-0.2086776170803403
R175,1568379600,646,1188,542,1834,37,1.1404714665076527,0.05247963859434606
R175,1568394000,1745,839,-906,2584,37,-1.3144505845003611,0.4727971101737769
R175,1568408400,1654,907,-747,2561,37,-1.044883867573376,0.45990737437867435
R175,1568422800,5137,6624,1487,11761,37,2.742613274658601,5.6158016924196925
R175,1568437200,288,64,-224,352,37,-0.15819586158084065,-0.7780676852466093
R175,1568451600,185,356,171,541,37,0.511482460344688,-0.6721476824085927
R175,1568466000,443,922,479,1365,37,1.0336620126309228,-0.21035888696665803
R175,1568480400,1008,1106,98,2114,37,0.3877191249002232,0.20939816131733358
R175,1568494800,1066,822,-244,1888,37,-0.19210362471631046,0.08274249654806508
R175,1568509200,655,448,-207,1103,37,-0.12937426291569132,-0.3571897903717392
R175,1568523600,347,59,-288,406,37,-0.266700703614344,-0.7478048272928902
R175,1568538000,157,248,91,405,37,0.3758514078028088,-0.7483652505883295
R175,1568552400,482,938,456,1420,37,0.9946680850251326,-0.17953560571749977
R175,1568566800,1028,1369,341,2397,37,0.7996984469961813,0.3679979539266388
R175,1568581200,1084,876,-208,1960,37,-0.1310696510724648,0.12309297381969043
R175,1568595600,505,221,-284,726,37,-0.25991915098725005,-0.5684693727523331
R175,1568610000,82,42,-40,124,37,0.15375555926548154,-0.9058441966067563
R175,1568624400,510,888,378,1398,37,0.8624278087968005,-0.19186491821716306
R175,1568638800,814,1167,353,1981,37,0.8200431048774632,0.1348618630239145
R175,1568653200,1540,1075,-465,2615,37,-0.5667844073632518,0.4901702323323934
R175,1568667600,1989,1062,-927,3051,37,-1.3500537357926043,0.7345147891439024
R175,1568682000,781,183,-598,964,38,-0.9331657834352156,-0.5599620260043361
R175,1568696400,110,62,-48,172,38,0.27216465703411347,-1.4165138899337133
R175,1568710800,541,937,396,1478,38,1.2451950489766261,-0.004068518353199962
R175,1568725200,847,1255,408,2102,38,1.2714931676777752,0.6707905259547942
R175,1568739600,1604,1023,-581,2627,38,-0.8959101152752545,1.238580587271616
R175,1568754000,2046,1293,-753,3339,38,-1.2728498166583901,2.0086120609050964
R175,1568768400,812,285,-527,1097,38,-0.777568581120084,-0.4161218771374079
R175,1568782800,88,28,-60,116,38,0.24586653833296446,-1.477078163140841
R175,1568797200,527,915,388,1442,38,1.227662969842527,-0.043002693986353466
R175,1568811600,846,1191,345,2037,38,1.133428044496743,0.6004927088393781
R175,1568826000,1653,1127,-526,2780,38,-0.7753770712283216,1.4040508337125184
R175,1568840400,1949,1309,-640,3258,38,-1.0252091988892371,1.9210101657305012
R175,1568854800,811,284,-527,1095,38,-0.777568581120084,-0.4182848868948053
R175,1568869200,93,35,-58,128,38,0.2502495581164893,-1.4641001045964563
R175,1568883600,515,924,409,1439,38,1.2736846775695376,-0.04624720862244959
R175,1568898000,855,1189,334,2044,38,1.1093214356873566,0.608063242990269
R175,1568912400,1613,1106,-507,2719,38,-0.7337383832848356,1.3380790361118973
R175,1568926800,2078,1045,-1033,3123,38,-1.8864725863518668,1.7750070071061754
R175,1568941200,681,279,-402,960,38,-0.503629844649782,-0.5642880455191309
R175,1568955600,69,34,-35,103,38,0.3006542856270249,-1.491137726563924
R175,1568970000,476,795,319,1271,38,1.0764487873109203,-0.2279400282438326
R175,1568984400,799,1041,242,1840,38,0.9077025256452143,0.3874362477357325
R175,1568998800,1617,828,-789,2445,38,-1.3517441727618373,1.0417466993484512
R175,1569013200,1613,921,-692,2534,38,-1.1391677132608828,1.1380006335526363
R175,1569027600,702,341,-361,1043,38,-0.41377793908752286,-0.4745231405871381
R175,1569042000,220,70,-150,290,38,0.048630648074346985,-1.2888963142472656
R175,1569056400,165,325,160,490,38,0.7279987145206961,-1.072595338507524
R175,1569070800,447,867,420,1314,38,1.2977912863789243,-0.18143531845978814
R175,1569085200,923,998,75,1921,38,0.5417203737208907,0.47503814291032787
R175,1569099600,1079,710,-369,1789,38,-0.43131001822162224,0.33227949892209835
R175,1569114000,673,356,-317,1029,38,-0.31735150384997657,-0.48966420888892004
R175,1569128400,225,61,-164,286,38,0.017949509589673156,-1.2932223337620605
R175,1569142800,144,199,55,343,38,0.4978901758856423,-1.2315765556762341
R175,1569157200,389,721,332,1110,38,1.1049384159038318,-0.40206231371432466
R175,1569171600,797,716,-81,1513,38,0.19984483060595373,0.03378415240125483
R175,1569186000,834,490,-344,1324,38,-0.3765222709275618,-0.17062026967280106
R175,1569200400,436,152,-284,588,38,-0.2450316774218168,-0.9666078603950505
R175,1569214800,76,34,-42,110,38,0.28531371638468794,-1.4835671924130331
R175,1569229200,469,903,434,1372,38,1.328472424863598,-0.11870803549526306
R175,1569243600,596,1107,511,1703,38,1.4972186865293042,0.23927007935400943
R175,1569258000,1545,687,-858,2232,38,-1.502958355293444,0.8113861601856263
R175,1569272400,1989,675,-1314,2664,38,-2.502286865937106,1.2785962677834684
R175,1569286800,604,180,-424,784,39,-0.4356545753728604,-0.6355688799972127
R175,1569301200,89,43,-46,132,39,0.2874798455454444,-1.451080107717046
R175,1569315600,514,915,401,1429,39,1.1426149940916936,0.1711868590814568
R175,1569321904,317,750,433,1067,39,1.2038327228466825,-0.28159698207587397
R175,1569330000,549,979,430,1528,39,1.1980935607759022,0.2950144841493456
R175,1569344400,1589,650,-939,2239,39,-1.420877397523461,1.1843219732732744
R175,1569358800,2039,717,-1322,2756,39,-2.1535770885597327,1.8309773486278047
R175,1569373200,630,223,-407,853,39,-0.4031326569717726,-0.549264777677169
R175,1569387600,113,57,-56,170,39,0.26834930530951046,-1.403550312236442
R175,1569402000,545,861,316,1406,39,0.9800054020862548,0.14241882497477557
R175,1569416400,655,1157,502,1812,39,1.335833450474627,0.6502371661622791
R175,1569430800,1592,713,-879,2305,39,-1.306094156107857,1.2668737233185334
R175,1569445200,1942,767,-1175,2709,39,-1.872358147091503,1.7721904963228474
R175,1569459600,689,182,-507,871,39,-0.5944380593311126,-0.5267506640284619
R175,1569474000,87,46,-41,133,39,0.2970451156634114,-1.4498293236254511
R175,1569488400,463,918,455,1381,39,1.2459199113657373,0.11114922268490465
R175,1569502800,624,1183,559,1807,39,1.4448775298194507,0.643983245704305
R175,1569517200,1681,774,-907,2455,39,-1.359659668768472,1.454491337057759
R175,1569531600,2009,775,-1234,2784,39,-1.9852283344835135,1.8659993031924602
R175,1569546000,684,244,-440,928,39,-0.4662634397503548,-0.45545597080755623
R175,1569560400,119,40,-79,159,39,0.22434906276686226,-1.4173089372439853
R175,1569569421,141,287,146,428,39,0.654786218075377,-1.0808480166049745
R175,1569574800,327,643,316,970,39,0.9800054020862548,-0.40292303896057313
R175,1569589200,656,1191,535,1847,39,1.398964233253209,0.6940146093680984
R175,1569603600,1695,848,-847,2543,39,-1.2448764273528683,1.5645603371181045
R175,1569618000,1593,812,-781,2405,39,-1.118614861795704,1.391952132478017
R175,1569632400,756,280,-476,1036,39,-0.5351333845997172,-0.3203712889153139
R175,1569646800,201,50,-151,251,39,0.08660917306813753,-1.3022368008172605
R175,1569661200,184,230,46,414,39,0.4634808157160371,-1.0983589938873022
R175,1569675600,464,647,183,1111,39,0.7255692169483328,-0.22656248204570117
R175,1569690000,943,820,-123,1763,39,0.1401746857287527,0.5889487456741321
R175,1569704400,1055,569,-486,1624,39,-0.5542639248356511,0.4150897569424499
R175,1569718800,562,301,-261,863,39,-0.12382676952713635,-0.5367569367612206
R175,1569733200,251,55,-196,306,39,0.0005217420064345782,-1.2334436757795444
R175,1569747600,146,203,57,349,39,0.4845244099755645,-1.1796599598409665
R175,1569762000,401,558,157,959,39,0.6758298123349044,-0.4166816639681163
R175,1569776400,767,647,-120,1414,39,0.1459138477995329,0.15242509770753426
R175,1569790800,840,429,-411,1269,39,-0.4107848730661462,-0.028938595573717026
R175,1569805200,417,172,-245,589,39,-0.09321790514964197,-0.8794717778582057
R175,1569819600,85,45,-40,130,39,0.29895816968700484,-1.4535816759002356
R175,1569834000,346,707,361,1053,39,1.0660928331479578,-0.29910795935820167
R175,1569848400,549,1094,545,1643,39,1.4180947734891431,0.4388546546827518
R175,1569862800,1158,728,-430,1886,39,-0.44713289951442076,0.7427951889402971
R175,1569877200,1674,619,-1055,2293,39,-1.642791664260295,1.2518643142193955
R175,1569891600,514,148,-366,662,40,-0.3311305159634828,-0.8555457845922706
R175,1569906000,79,38,-41,117,40,0.27338085797011896,-1.5272007219766748
R175,1569920400,434,878,444,1312,40,1.1754978313787248,-0.054489437253072974
R175,1569934800,559,1191,632,1750,40,1.5251844107618544,0.48529930141549404
R175,1569949200,1223,715,-508,1938,40,-0.5952554854975488,0.7169894449536004
R175,1569963600,1825,627,-1198,2452,40,-1.8786796332335034,1.3504401565418276
R175,1569978000,583,182,-401,765,40,-0.39623174084863994,-0.7286091633985209
R175,1569992400,117,36,-81,153,40,0.19897945810136797,-1.4828345242778884
R175,1570006800,487,865,378,1352,40,1.0527355215952856,-0.0051936620321992736
R175,1570021200,656,1216,560,1872,40,1.3912618909981025,0.6356514158391589
R175,1570035600,1589,761,-828,2350,40,-1.1904666844475567,1.2247359297285996
R175,1570050000,1940,737,-1203,2677,40,-1.8879798082170973,1.627728892159242
R175,1570064400,599,239,-360,838,40,-0.31997030598317017,-0.6386443736204264
R175,1570078800,102,49,-53,151,40,0.2510604380094937,-1.4852993130389323
R175,1570093200,488,884,396,1372,40,1.0862161515362234,0.019454225578237578
R175,1570107600,639,1295,656,1934,40,1.569825250683105,0.7120598674315131
R175,1570122000,1574,766,-808,2340,40,-1.1532659845131812,1.212411985923381
R175,1570136400,2039,908,-1131,2947,40,-1.7540572884533454,1.9604753749001396
R175,1570150800,720,236,-484,956,40,-0.5506146455762982,-0.4932218367188489
R175,1570165200,146,44,-102,190,40,0.15991872317027372,-1.4372359321985804
R175,1570179600,467,864,397,1331,40,1.0880761865329422,-0.031073944023157968
R175,1570194000,662,1206,544,1868,40,1.3615013310506021,0.6307218383170715
R175,1570208400,1717,881,-836,2598,40,-1.2053469644213068,1.5303697360980164
R175,1570222800,1622,789,-833,2411,40,-1.1997668594311506,1.2999119869404319
R175,1570237200,760,364,-396,1124,40,-0.38693156586504607,-0.2861795807911794
R175,1570251600,243,50,-193,293,40,-0.009344461531134787,-1.3102993110048304
R175,1570266000,173,259,86,432,40,0.5096053025534033,-1.1389964921122944
R175,1570280400,441,849,408,1290,40,1.1085365714968487,-0.08160211362455351
R175,1570294800,1023,817,-206,1840,40,-0.033524916488478856,0.5962147956624598
R175,1570309200,1047,678,-369,1725,40,-0.33671062095363913,0.454489441902448
R175,1570323600,558,302,-256,860,40,-0.12652666632441759,-0.6115316972489458
R175,1570338000,248,44,-204,292,40,-0.02980484649504131,-1.3115317053853524
R175,1570352400,126,206,80,332,40,0.4984450925730907,-1.2622359301644785
R175,1570366800,436,708,272,1144,40,0.8555718119430954,-0.26153169318074254
R175,1570381200,867,747,-120,1614,40,0.12643809322933577,0.31769366566452345
R175,1570395600,843,418,-425,1261,40,-0.4408725807698905,-0.11734155065968695
R175,1570410000,425,154,-271,579,40,-0.15442719127519922,-0.9578345181755835
R175,1570424400,67,53,-14,120,40,0.3236018028815259,-1.5235035388351093
R175,1570438800,482,818,336,1300,40,0.974614051733097,-0.06927816981933509
R175,1570453200,598,1247,649,1845,40,1.5568050057060736,0.6023767675650691
R175,1570467600,1459,622,-837,2081,40,-1.2072069994180257,0.8932218413682239
R175,1570482000,1851,642,-1209,2493,40,-1.8991400181974099,1.400968326143223
R175,1570496400,543,178,-365,721,41,-0.3831753643035102,-0.7982587656846526
R175,1570510800,99,48,-51,147,41,0.20813246443914044,-1.5287082579463094
R175,1570525200,505,967,462,1472,41,1.1741863375123245,0.15743386269253237
R175,1570539600,589,1207,618,1796,41,1.46795710593224,0.5697433321921435
R175,1570554000,1613,649,-964,2262,41,-1.5111797891979297,1.1627563346205965
R175,1570568400,1903,651,-1252,2554,41,-2.0535258232039273,1.5343438812066656
R175,1570582800,622,204,-418,826,41,-0.4829820997282251,-0.6646399561245935
R175,1570597200,113,61,-52,174,41,0.2062493184877307,-1.4943491354880083
R175,1570611600,400,709,309,1109,41,0.8860650069466379,-0.30450545035795784
R175,1570626000,566,1213,647,1779,41,1.5225683385231217,0.5481098106443244
R175,1570640400,1192,737,-455,1929,41,-0.5526584999303845,0.7389938243015517
R175,1570654800,1666,682,-984,2348,41,-1.548842708226124,1.2721965024507402
R175,1570669200,577,212,-365,789,41,-0.3831753643035102,-0.7117246794933763
R175,1570683600,100,43,-57,143,41,0.19683358873068213,-1.533798498310502
R175,1570698000,508,893,385,1401,41,1.0291840992537764,0.06708209622811141
R175,1570712400,618,1309,691,1927,41,1.6054267603851493,0.7364487041194553
R175,1570726800,1492,722,-770,2214,41,-1.145849474624445,1.1016734502502836
R175,1570741200,1987,860,-1127,2847,41,-1.8181325792777132,1.9072039878837832
R175,1570755600,672,281,-391,953,41,-0.43213715904016275,-0.5030248245614743
R175,1570770000,158,51,-107,209,41,0.10267629116019637,-1.449809532301322
R175,1570784400,451,876,425,1327,41,1.104509937310165,-0.027087350509454086
R175,1570798800,606,1165,559,1771,41,1.3568514947990669,0.5379293299159389
R175,1570813200,1683,794,-889,2477,41,-1.369943842842201,1.4363567541959557
R175,1570827600,1677,917,-760,2594,41,-1.1270180151103477,1.585246284848593
R175,1570842000,768,357,-411,1125,41,-0.4698000780683571,-0.28414448890118693
R175,1570856400,202,61,-141,263,41,0.03864932881226605,-1.38109128738472
R175,1570870800,161,297,136,458,41,0.5602807573527572,-1.1329420696303245
R175,1570885200,478,960,482,1438,41,1.2118492565405188,0.11416681959689416
R175,1570899600,1200,997,-203,2197,41,-0.0781057201751363,1.0800399287024647
R175,1570914000,1193,602,-591,1795,41,-0.8087663493221059,0.5684707721010953
R175,1570928400,613,378,-235,991,41,-0.1383663906202472,-0.45466754110164337
R175,1570942800,229,67,-162,296,41,-0.0008967361673379698,-1.3390968043801301
R175,1570957200,136,219,83,355,41,0.46047402192804227,-1.2640157590082874
R175,1570971600,384,744,360,1128,41,0.9821054504685335,-0.2803268086280424
R175,1570986000,884,840,-44,1724,41,0.22131448609900845,0.4781190056366743
R175,1571000400,922,574,-348,1496,41,-0.35116188312954505,0.18797530487768874
R175,1571014800,454,193,-261,647,41,-0.1873281853568998,-0.8924282124222181
R175,1571029200,82,31,-51,113,41,0.20813246443914044,-1.5719753010419475
R175,1571043600,319,627,308,946,41,0.8841818609952282,-0.5119327451988116
R175,1571058000,521,1245,724,1766,41,1.6675705767816698,0.5315665294606979
R175,1571072400,1177,717,-460,1894,41,-0.5620742296874331,0.6944542211148653
R175,1571086800,1643,584,-1059,2227,41,-1.6900786545818527,1.11821673143391
R175,1571101200,486,177,-309,663,42,-0.17450517013758887,-0.8614010222657259
R175,1571115600,92,36,-56,128,42,0.26438049563330324,-1.491858693687206
R175,1571130000,493,927,434,1420,42,1.1143962119484698,0.030667122156817123
R175,1571144400,551,1254,703,1805,42,1.5810374929459796,0.48436096046947114
R175,1571158800,1619,698,-921,2317,42,-1.2361574525557153,1.087714844147598
R175,1571173200,1980,651,-1329,2631,42,-1.943925640834466,1.4577404681220743
R175,1571187600,698,356,-342,1054,42,-0.23175112654248783,-0.40063663062871885
R175,1571202000,116,54,-62,170,42,0.2539721399233216,-1.4423648204167347
R175,1571216400,498,845,347,1343,42,0.9634750541537362,-0.06007164550571367
R175,1571230800,890,1226,336,2116,42,0.9443930686854366,0.8508513077817709
R175,1571245200,1642,709,-933,2351,42,-1.2569741639756784,1.1277813129855985
R175,1571259600,2228,723,-1505,2951,42,-2.249237408327261,1.8348366454209035
R175,1571274000,599,219,-380,818,42,-0.29767071270570483,-0.6787450613866055
R175,1571288400,87,39,-48,126,42,0.2782583032466121,-1.4942155447953238
R175,1571302800,494,916,422,1410,42,1.0935795005285065,0.01888286661622871
R175,1571317200,675,1355,680,2030,42,1.5411387960577168,0.7495067101327104
R175,1571331600,1686,797,-889,2483,42,-1.1806462221024798,1.2833334861213657
R175,1571346000,2009,805,-1204,2814,42,-1.7270848968765156,1.6733923445148422
R175,1571360400,668,253,-415,921,42,-0.358386121013931,-0.5573672293185448
R175,1571374800,140,45,-95,185,42,0.19672618351842264,-1.4246884371058521
R175,1571389200,490,875,385,1365,42,1.0293946403169532,-0.03414628331641916
R175,1571403600,653,1360,707,2013,42,1.5879763967526341,0.7294734757137101
R175,1571418000,1637,824,-813,2461,42,-1.0488070497760458,1.2574081239320711
R175,1571432400,1654,758,-896,2412,42,-1.192789303764125,1.199665271783188
R175,1571446800,750,348,-402,1098,42,-0.3358346836423042,-0.34878590625012984
R175,1571461200,185,59,-126,244,42,0.14294967901685088,-1.3551613294163805
R175,1571475600,175,217,42,392,42,0.4343836388963366,-1.1807543474156719
R175,1571490000,480,772,292,1252,42,0.8680651268122379,-0.16730837092506826
R175,1571504400,1038,876,-162,1914,42,0.0804995447569611,0.6128093458618848
R175,1571518800,1177,680,-497,1857,42,-0.5006336490503466,0.5456390892805308
R175,1571533200,556,358,-198,914,42,0.01804941049707131,-0.5656162081969567
R175,1571547600,242,61,-181,303,42,0.0475397516753526,-1.2856342217269088
R175,1571562000,118,182,64,300,42,0.4725476098329359,-1.2891694983890853
R175,1571576400,403,664,261,1067,42,0.8142886223106661,-0.38531709842595396
R175,1571590800,872,738,-134,1610,42,0.12907187140354204,0.254567977427997
R175,1571605200,750,372,-378,1122,42,-0.29420126080237763,-0.32050369295271763
R175,1571619600,333,159,-174,492,42,0.05968283333699784,-1.062911792009788
R175,1571634000,64,32,-32,96,42,0.3060139184732298,-1.529568311417089
R175,1571648400,450,899,449,1349,42,1.1404171012234239,-0.05300109218136063
R175,1571662800,626,1258,632,1884,42,1.4578719503778637,0.5774565792401196
R175,1571677200,1547,689,-858,2236,42,-1.1268697176009081,0.9922623742688318
R175,1571691600,1799,631,-1168,2430,42,-1.6646347626166258,1.2208769317562471
R175,1571706000,588,174,-414,762,43,-0.39115806091926164,-0.737111661714756
R175,1571720400,119,39,-80,158,43,0.20365660342495542,-1.4469954411604842
R175,1571734800,506,828,322,1334,43,0.9195712593123065,-0.06483761892840408
R175,1571749200,645,1241,596,1886,43,1.4075329899419937,0.5839303384458376
R175,1571763600,1635,669,-966,2304,43,-1.3742050510929378,1.075207523558941
R175,1571778000,2092,771,-1321,2863,43,-2.0064182422372405,1.7322026108274213
R175,1571792400,555,186,-369,741,43,-0.31101836063336413,-0.7617930513974717
R175,1571806800,102,40,-62,142,43,0.23571248353931443,-1.4658003094901724
R175,1571821200,490,859,369,1349,43,1.0032727240553552,-0.04720805486932142
R175,1571835600,649,1250,601,1899,43,1.4164374010848713,0.5992092939637093
R175,1571850000,1615,730,-885,2345,43,-1.2299535905783223,1.1233949986537668
R175,1571864400,1947,894,-1053,2841,43,-1.5291418049790062,1.7063459168741
R175,1571878800,683,253,-430,936,43,-0.41965217657646964,-0.5326087186293972
R175,1571893200,106,40,-66,146,43,0.22858895462501244,-1.4610990924077503
R175,1571907600,485,911,426,1396,43,1.1047830110841586,0.008031245849137565
R175,1571922000,618,1345,727,1963,43,1.6408285618853842,0.6744287672824619
R175,1571936400,1650,745,-905,2395,43,-1.2655712351498323,1.1821602121840424
R175,1571950800,2051,845,-1206,2896,43,-1.801616785951058,1.770987651757403
R175,1571965200,717,234,-483,951,43,-0.5140389346909712,-0.5149791545703145
R175,1571979600,166,55,-111,221,43,0.14844925433911493,-1.3729512721123371
R175,1571994000,483,838,355,1321,43,0.9783403728552981,-0.0801165744462757
R175,1572008400,705,1211,506,1916,43,1.2472535893701986,0.619189466564003
R175,1572022800,1649,822,-827,2471,43,-1.1266624213209433,1.271483336750061
R175,1572037200,1654,815,-839,2469,43,-1.1480330080638492,1.2691327282088503
R175,1572051600,690,334,-356,1024,43,-0.2878668916618826,-0.42918194281611227
R175,1572066000,220,50,-170,270,43,0.04337720285316041,-1.315361362852667
R175,1572080400,168,288,120,456,43,0.5598330491400555,-1.096754768520042
R175,1572094800,466,884,418,1350,43,1.0905359532555545,-0.046032750598715914
R175,1572109200,1103,1156,53,2259,43,0.44051393982549697,1.022318831381693
R175,1572123600,1064,696,-368,1760,43,-0.30923747840478866,0.43584200034954335
R175,1572138000,540,336,-204,876,43,-0.017172792918406603,-0.6031269748657279
R175,1572152400,291,78,-213,369,43,-0.0332007329755861,-1.1990062400627215
R175,1572166800,138,191,53,329,43,0.44051393982549697,-1.2460184108869419
R175,1572181200,322,640,318,962,43,0.9124477303980045,-0.502050807593654
R175,1572195600,640,725,85,1365,43,0.497502171139913,-0.028403186539633255
R175,1572210000,674,429,-245,1103,43,-0.09018896429000212,-0.336332905438277
R175,1572224400,374,132,-242,506,43,-0.0848463176042756,-1.0379895549897666
R175,1572238800,62,37,-25,99,43,0.30160512599660794,-1.5163383931262093
R175,1572253200,515,831,316,1346,43,0.9088859659408536,-0.05073396768113795
R175,1572267600,597,1223,626,1820,43,1.4609594567992588,0.5063602565858739
R175,1572282000,1599,656,-943,2255,43,-1.3332447598357013,1.017617614299271
R175,1572296400,1881,610,-1271,2491,43,-1.9173741308084653,1.2949894221621714
R175,1572310800,604,271,-333,875,44,-0.3248890697256916,-0.6246245773690681
R175,1572325200,93,69,-24,162,44,0.23587836569125556,-1.47396424925274
R175,1572339600,534,912,378,1446,44,0.9654204661366043,0.05556189197956697
R175,1572354000,626,1313,687,1939,44,1.5261879015535516,0.6428332219075478
R175,1572368400,1633,634,-999,2267,44,-1.533533445090374,1.0335532953687603
R175,1572382800,1939,737,-1202,2676,44,-1.9019340580018311,1.5207621674591134
R175,1572397200,611,328,-283,939,44,-0.23415000250612086,-0.5483865142546851
R175,1572411600,99,57,-42,156,44,0.2032123014922101,-1.4811115676697135
R175,1572426000,491,901,410,1392,44,1.0234934691571296,-0.00876397377319361
R175,1572440400,662,1318,656,1980,44,1.4699296798774175,0.6916732310901994
R175,1572454800,1563,718,-845,2281,44,-1.254057118054096,1.0502303716750314
R175,1572469200,1926,801,-1125,2727,44,-1.7621958944836922,1.5815143740033872
R175,1572483600,577,324,-253,901,44,-0.17970656217437841,-0.59365286422885
R175,1572498000,99,58,-41,157,44,0.2050270828366015,-1.4799203479335512
R175,1572512400,501,823,322,1324,44,0.8637927108506851,-0.08976691583222544
R175,1572526800,650,1295,645,1945,44,1.449967085089112,0.6499805403245212
R175,1572541200,1710,725,-985,2435,44,-1.508126506268894,1.2336782110440154
R175,1572555600,1615,1223,-392,2838,44,-0.43196116904478504,1.7137397647173953
R175,1572570000,807,474,-333,1281,44,-0.3248890697256916,-0.14098936448720145
R175,1572584400,281,65,-216,346,44,-0.11255965243189607,-1.2547798177988891
R175,1572598800,436,769,333,1205,44,0.8837553056389906,-0.23152206443553117
R175,1572613200,667,1303,636,1970,44,1.4336340529895892,0.679761033728577
R175,1572627600,1693,748,-945,2441,44,-1.4355352524932374,1.2408255294609887
R175,1572642000,1658,855,-803,2513,44,-1.1778363015896565,1.3265933504646694
R175,1572656400,694,315,-379,1009,44,-0.40836901156769667,-0.4650011327233288
R175,1572670800,196,47,-149,243,44,0.009030697642328717,-1.3774754506235993
R175,1572685200,171,272,101,443,44,0.4627260337401824,-1.1392315033911526
R175,1572699600,448,778,330,1226,44,0.8783109616058163,-0.20650644997612427
R175,1572714000,1017,918,-99,1935,44,0.09976976486189945,0.6380683429628988
R175,1572728400,1019,669,-350,1688,44,-0.35574035258034564,0.3438370681308273
R175,1572742800,547,397,-150,944,44,0.007215916297937302,-0.542430415573874
R175,1572753600,250,65,-185,315,44,-0.056301430755762216,-1.2917076296199184
R175,1572768000,129,111,-18,240,44,0.24676705375760405,-1.3810491098320858
R175,1572782400,322,596,274,918,44,0.7766832063198972,-0.573402128714092
R175,1572796800,700,760,60,1460,44,0.3883199986201344,0.07223896828583823
R175,1572811200,802,683,-119,1485,44,0.06347413797407116,0.10201946168989405
R175,1572825600,457,186,-271,643,44,-0.21237262637342388,-0.9009875561587061
R175,1572840000,122,47,-75,169,44,0.1433245171272934,-1.4656257110996045
R175,1572854400,249,566,317,815,44,0.854718804128728,-0.696097761538802
R175,1572868800,671,1610,939,2281,44,1.9835128003401878,1.0502303716750314
R175,1572883200,1172,698,-474,1870,44,-0.5807732392848811,0.5606390601123538
R175,1572897600,2179,714,-1465,2893,44,-2.3792215515767734,1.779256850206318
R175,1572912000,655,224,-431,879,45,-0.5447029963325974,-0.622834562823797
R175,1572926400,180,58,-122,238,45,0.004187095010243593,-1.355923886495474
R175,1572940800,235,443,208,678,45,0.5903803964443457,-0.852711246221624
R175,1572955200,734,1602,868,2336,45,1.7627669993125499,1.043485475537565
R175,1572969600,1078,678,-400,1756,45,-0.4896363528645454,0.3801597224493084
R175,1572984000,2102,752,-1350,2854,45,-2.1771625236596877,1.6359039929508703
R175,1572998400,737,278,-459,1015,45,-0.5944406097876122,-0.46729611037551616
R175,1573012800,181,52,-129,233,45,-0.008247308353510088,-1.3616422119531313
R175,1573027200,280,557,277,837,45,0.7129480867442035,-0.6708684966681191
R175,1573041600,754,1555,801,2309,45,1.6437519956880504,1.0126065180662152
R175,1573056000,1403,693,-710,2096,45,-1.0403027875450657,0.7690058535700106
R175,1573070400,2118,837,-1281,2955,45,-2.0545948333598303,1.7514141671955494
R175,1573084800,764,418,-346,1182,45,-0.3937138126298742,-0.27630404008975945
R175,1573099200,159,68,-91,227,45,0.05925373847829561,-1.3685042025023202
R175,1573113600,258,552,294,810,45,0.7431459234847481,-0.7017474541394689
R175,1573128000,766,1579,813,2345,45,1.6650681157401996,1.0537784613613483
R175,1573142400,1258,738,-520,1996,45,-0.7027975533860371,0.6546393444168629
R175,1573156800,2160,1040,-1120,3200,45,-1.7686035559934954,2.0316121146207613
R175,1573171200,819,385,-434,1204,45,-0.5500320263456348,-0.25114340807606694
R175,1573185600,222,78,-144,300,45,-0.034892458418696544,-1.2850166508205223
R175,1573200000,277,557,280,834,45,0.7182771167572407,-0.6742994919427135
R175,1573214400,717,1411,694,2128,45,1.453683258556387,0.8056031364990179
R175,1573228800,1408,888,-520,2296,45,-0.7027975533860371,0.997738871876306
R175,1573243200,1895,896,-999,2791,45,-1.5536660121343246,1.5638530921843872
R175,1573257600,830,515,-315,1345,45,-0.3386471691618222,-0.08988663017012868
R175,1573272000,309,114,-195,423,45,-0.12548596864033051,-1.1443458445621506
R175,1573286400,131,182,51,313,45,0.3114944924287274,-1.270149004630613
R175,1573300800,363,918,555,1281,45,1.2067715346189924,-0.16308119602814322
R175,1573315200,966,1233,267,2199,45,0.6951846533674125,0.8868033579977528
R175,1573329600,1217,873,-344,2090,45,-0.390161125954516,0.7621438630208218
R175,1573344000,690,614,-76,1304,45,0.08589888854348207,-0.13677689892291925
R175,1573358400,382,146,-236,528,45,-0.1983160454851735,-1.0242610099513454
R175,1573372800,135,133,-2,268,45,0.21734829553173526,-1.3216139337495296
R175,1573387200,315,745,430,1060,45,0.9847286174091053,-0.4158311812565997
R175,1573401600,763,1065,302,1828,45,0.7573566701861809,0.46250360903957477
R175,1573416000,963,727,-236,1690,45,-0.1983160454851735,0.30467782640823093
R175,1573430400,495,274,-221,769,45,-0.17167089541998704,-0.7486377228922595
R175,1573444800,141,65,-76,206,45,0.08589888854348207,-1.3925211694244812
R175,1573459200,169,440,271,609,45,0.7022900267181289,-0.9316241375372959
R175,1573473600,620,1453,833,2073,45,1.7005949824937816,0.7427015564647866
R175,1573488000,908,753,-155,1661,45,-0.05443223513316662,0.27151153875381806
R175,1573502400,1950,695,-1255,2645,45,-2.0084099065801735,1.3968779888207916
R175,1573516800,617,210,-407,827,46,-0.5291351442819059,-0.6793813967111549
R175,1573531200,128,50,-78,178,46,0.04477297374693051,-1.4085741086166779
R175,1573545600,266,535,269,801,46,0.6500803201177702,-0.7085940477274009
R175,1573560000,697,1624,927,2321,46,1.7978965561754432,0.99922247322236
R175,1573574400,1261,645,-616,1906,46,-0.8937150733640544,0.5329436204630503
R175,1573588800,2185,896,-1289,3081,46,-2.067697333040063,1.8531307336972405
R175,1573603200,791,333,-458,1124,46,-0.6180996245842484,-0.3456830370255767
R175,1573617600,149,61,-88,210,46,0.027328958001373173,-1.372620076596683
R175,1573632000,276,548,272,824,46,0.6553135248414375,-0.6827520872130295
R175,1573646400,699,1523,824,2222,46,1.6182231939962024,0.8879896866605006
R175,1573660800,1262,695,-567,1957,46,-0.8082393962108234,0.5902453589949173
R175,1573675200,2228,922,-1306,3150,46,-2.0973521598075107,1.9306566152403546
R175,1573689600,767,393,-374,1160,46,-0.4715698923215667,-0.30523475100308234
R175,1573704000,137,61,-76,198,46,0.04826177689604198,-1.386102838604181
R175,1573718400,276,502,226,778,46,0.5750710524118736,-0.7344360082417722
R175,1573732800,733,1588,855,2321,46,1.6722996428074302,0.99922247322236
R175,1573747200,1232,670,-562,1902,46,-0.7995173883380446,0.5284493664605509
R175,1573761600,2088,894,-1194,2982,46,-1.9019791834572684,1.741897947135381
R175,1573776000,773,395,-378,1168,46,-0.4785474986197896,-0.2962462429980836
R175,1573790400,210,110,-100,320,46,0.006396139106704366,-1.2490280915279501
R175,1573804800,256,516,260,772,46,0.6343807059467687,-0.7411773892455212
R175,1573819200,685,1526,841,2211,46,1.6478780207636499,0.8756304881536273
R175,1573833600,1402,862,-540,2264,46,-0.7611405536978185,0.935179353686744
R175,1573848000,1936,977,-959,2913,46,-1.492044813436671,1.664372065592267
R175,1573862400,835,540,-295,1375,46,-0.33376216793166374,-0.06366859836874117
R175,1573876800,310,120,-190,430,46,-0.1506000026033117,-1.1254361064592175
R175,1573891200,149,216,67,365,46,0.29771120205751195,-1.1984677339998322
R175,1573905600,360,881,521,1241,46,1.089669516905815,-0.2142261074524701
R175,1573920000,887,1359,472,2246,46,1.004193839752584,0.9149552106754968
R175,1573934400,1193,1055,-138,2248,46,-0.059891120726413526,0.9172023376767464
R175,1573948800,675,527,-148,1202,46,-0.07733513647197086,-0.25804508397683895
R175,1573963200,319,133,-186,452,46,-0.14362239630508875,-1.100717709445471
R175,1573977600,134,127,-7,261,46,0.16862548554038762,-1.315318338064816
R175,1573992000,296,709,413,1005,46,0.9012741468537958,-0.4793870935999329
R175,1574006400,720,1033,313,1753,46,0.7268339893982225,0.36103840486744937
R175,1574020800,849,755,-94,1604,46,0.01686254855403877,0.1936274432743478
R175,1574035200,447,281,-166,728,46,-0.10873436481397407,-0.7906141832730144
R175,1574049600,134,60,-74,194,46,0.05175058004515345,-1.3905970926066804
R175,1574064000,242,548,306,790,46,0.7146231783763324,-0.7209532462342741
R175,1574078400,650,1593,943,2243,46,1.825806981368335,0.9115845201736222
R175,1574092800,1229,637,-592,1866,46,-0.8518494355747167,0.48800108043805657
R175,1574107200,1759,778,-981,2537,46,-1.5304216480768973,1.241912189357326
R175,1574121600,622,252,-370,874,47,-0.48625642844533395,-0.5655047030660483
R175,1574136000,129,54,-75,183,47,0.04954645505267343,-1.3438464319062138
R175,1574150400,259,564,305,823,47,0.7397332202365473,-0.6229510535303731
R175,1574164800,716,1640,924,2356,47,1.8640111351018576,1.1038186574855078
R175,1574179200,1241,659,-582,1900,47,-0.8713079921794952,0.5901807003927213
R175,1574193600,2149,821,-1328,2970,47,-2.2262535890931003,1.79542766111483
R175,1574208000,755,251,-504,1006,47,-0.7296380772207,-0.4168200312760311
R175,1574222400,165,58,-107,223,47,-0.00857453569965279,-1.2987904707577238
R175,1574236800,278,596,318,874,47,0.7633448727296799,-0.5655047030660483
R175,1574251200,719,1510,791,2229,47,1.6224457672875017,0.960765980839052
R175,1574265600,1274,725,-549,1999,47,-0.8113707204661588,0.7016942042352342
R175,1574280000,2117,917,-1200,3034,47,-1.9937696260837954,1.867517198952414
R175,1574294400,803,311,-492,1114,47,-0.7078427056885777,-0.29516893617510803
R175,1574308800,141,50,-91,191,47,0.02048595967651032,-1.3348352396765157
R175,1574323200,262,571,309,833,47,0.7469983440805881,-0.6116870632432506
R175,1574337600,721,1530,809,2251,47,1.6551388245856853,0.9855467594707215
R175,1574352000,1243,724,-519,1967,47,-0.756882291635853,0.6656494353164422
R175,1574366400,2206,935,-1271,3141,47,-2.122725574315519,1.988041895024625
R175,1574380800,817,373,-444,1190,47,-0.6206612195600884,-0.20956260999297693
R175,1574395200,238,58,-180,296,47,-0.14116304585339698,-1.2165633416617294
R175,1574409600,272,469,197,741,47,0.5435748764474463,-0.7153157738847776
R175,1574424000,831,1379,548,2210,47,1.1810894937620244,0.9393643992935192
R175,1574438400,1351,866,-485,2217,47,-0.6951287389615063,0.9472491924945049
R175,1574452800,1867,1050,-817,2917,47,-1.298134018016891,1.7357285125930806
R175,1574467200,739,634,-105,1373,47,-0.004941973777632402,-0.0034315877386349855
R175,1574481600,280,118,-162,398,47,-0.10846998855521349,-1.1016706407330799
R175,1574496000,140,169,29,309,47,0.23843967499773366,-1.20192015428847
R175,1574510400,335,861,526,1196,47,1.1411313126198002,-0.20280421582070343
R175,1574524800,786,1045,259,1831,47,0.6561842960300784,0.512459167411576
R175,1574539200,1028,870,-158,1898,47,-0.10120486471117271,0.5879279023352968
R175,1574553600,564,515,-49,1079,47,0.09676976003893849,-0.3345929021800368
R175,1574568000,296,135,-161,431,47,-0.1066537075942033,-1.0644994727855754
R175,1574582400,108,114,6,222,47,0.19666521289449918,-1.299916869786436
R175,1574596800,247,692,445,939,47,0.9940125547779745,-0.492288766199752
R175,1574611200,532,885,353,1417,47,0.8269147063650367,0.046129969524704065
R175,1574625600,718,716,-2,1434,47,0.18213496520641764,0.06527875301281233
R175,1574640000,388,252,-136,640,47,-0.06124668356894843,-0.829082075784715
R175,1574654400,113,94,-19,207,47,0.15125818886924433,-1.3168128552171197
R175,1574668083,158,319,161,477,47,0.47818876185107934,-1.012685117464812
R175,1574668800,227,599,372,826,47,0.8614240446242304,-0.6195718564442363
R175,1574683200,696,1457,761,2153,47,1.5679573384571959,0.8751596546569208
R175,1574697600,1253,739,-514,1992,47,-0.7478008868308019,0.6938094110342484
R175,1574712000,2000,809,-1191,2809,47,-1.9774230974347038,1.6140774174921575
R175,1574726400,641,316,-325,957,48,-0.7528397019937324,-0.17231535147781005
R175,1574740800,171,79,-92,250,48,-0.19246172042298124,-1.1235575985092447
R175,1574755200,264,556,292,820,48,0.731079674097055,-0.3566437642689084
R175,1574769600,710,1427,717,2137,48,1.753228352927824,1.415330831686395
R175,1574784000,1257,756,-501,2013,48,-1.1761295078154157,1.2484934361674447
R175,1574798400,1954,819,-1135,2773,48,-2.700934831059434,2.27104521515456
R175,1574812800,700,343,-357,1043,48,-0.8298014848704021,-0.056605544908215434
R175,1574827200,191,61,-130,252,48,-0.2838538375890265,-1.1208666727750682
R175,1574841600,232,466,234,698,48,0.5915864426330911,-0.5207902340536822
R175,1574856000,646,977,331,1623,48,0.8248768469779961,0.723762918003004
R175,1574870400,1485,779,-706,2264,48,-1.6691659293690808,1.5862046158066103
R175,1574884800,1224,652,-572,1876,48,-1.3468884635730265,1.0641650233763462
R175,1574899200,477,333,-144,810,48,-0.3175246175975695,-0.3700983929397915
R175,1574913600,162,65,-97,227,48,-0.20448699899746087,-1.1545032444522758
R175,1574928000,116,141,25,257,48,0.08892979821984227,-1.1141393584396266
R175,1574942400,237,369,132,606,48,0.3462707597137065,-0.6445728178258067
R175,1574956800,512,590,78,1102,48,0.21639775110932646,0.02277676424999482
R175,1574971200,409,359,-50,768,48,-0.0914493803973523,-0.4266078333575005
R175,1574985600,239,214,-25,453,48,-0.031322987524954105,-0.850428636490318
R175,1575000000,71,55,-16,126,48,-0.009677486090890756,-1.2903949940281951
R175,1575014400,99,335,236,434,48,0.596396554062883,-0.8759924309649959
R175,1575028800,329,879,550,1208,48,1.3515840485402042,0.16539582816135562
R175,1575043200,749,908,159,1657,48,0.4112072640158966,0.7695086554840065
R175,1575057600,969,720,-249,1689,48,-0.5700554676616418,0.8125634672308324
R175,1575072000,565,339,-226,904,48,-0.5147391862190356,-0.24362488343349045
R175,1575086400,217,70,-147,287,48,-0.32473978474225723,-1.0737754724269772
R175,1575100800,113,246,133,359,48,0.3486758154286025,-0.9769021459966191
R175,1575115200,278,811,533,1089,48,1.3106981013869734,0.005285746977846798
R175,1575129600,621,1059,438,1680,48,1.0822178084718603,0.8004543014270377
R175,1575144000,869,801,-68,1670,48,-0.134740383265479,0.7869996727561546
R175,1575158400,476,453,-23,929,48,-0.02651287609516225,-0.20998831175628271
R175,1575172800,228,77,-151,305,48,-0.334360007601841,-1.0495571408193878
R175,1575187200,103,196,93,299,48,0.2524735868327654,-1.0576299180219175
R175,1575201600,223,676,453,899,48,1.1182936441952993,-0.25035219776893197
R175,1575216000,453,818,365,1271,48,0.9066487412844577,0.2501599887879191
R175,1575230400,547,544,-3,1091,48,0.021588238202756304,0.007976672712023418
R175,1575244800,337,173,-164,510,48,-0.365625731895488,-0.7737372530662844
R175,1575259200,87,61,-26,148,48,-0.033728043239850035,-1.2607948109522524
R175,1575273600,246,630,384,876,48,0.9523447998674803,-0.2812978437119631
R175,1575288000,608,1627,1019,2235,48,2.479555178826394,1.5471861926610493
R175,1575302400,1242,777,-465,2019,48,-1.0895475020791623,1.2565662133699744
R175,1575316800,1981,978,-1003,2959,48,-2.383467476693171,2.521301308432985
R175,1575331200,555,263,-292,818,49,-0.4907886922026606,-0.6852832923409988
R175,1575345600,123,54,-69,177,49,-0.06992008835994688,-1.3586607942172078
R175,1575360000,268,671,403,939,49,0.8208870013878597,-0.5581714706139765
R175,1575374400,649,1681,1032,2330,49,2.0080006866661866,0.9030892237850977
R175,1575388800,1133,977,-156,2110,49,-0.23411546295329258,0.6719768206450573
R175,1575403200,1620,1116,-504,2736,49,-0.8908969613266754,1.3295966586708088
R175,1575417600,694,372,-322,1066,49,-0.5474077868900211,-0.4247565833467713
R175,1575432000,161,66,-95,227,49,-0.11898997042232606,-1.3061352480490167
R175,1575446400,254,692,438,946,49,0.8869426118564471,-0.5508178941504298
R175,1575460800,712,1798,1086,2510,49,2.1099150571034357,1.0921811899905853
R175,1575475200,1170,951,-219,2121,49,-0.3530155617967498,0.6835324408020592
R175,1575489600,2098,1329,-769,3427,49,-1.3910322977316938,2.0554997067152088
R175,1575504000,831,399,-432,1230,49,-0.7550111340770099,-0.25247279191510474
R175,1575518400,192,79,-113,271,49,-0.15296142723474243,-1.2599127674210087
R175,1575532800,270,734,464,1004,49,0.9360124939188262,-0.4898882605953282
R175,1575547200,793,1680,887,2473,49,1.7343417290106105,1.0533122858261241
R175,1575561600,1360,931,-429,2291,49,-0.7493492246082739,0.8621192977739087
R175,1575576000,2196,1154,-1042,3350,49,-1.9062660593866751,1.9746103656161946
R175,1575590400,797,369,-428,1166,49,-0.7474619214520285,-0.31970549101038925
R175,1575604800,234,77,-157,311,49,-0.23600276610953794,-1.2178923304864557
R175,1575619200,269,548,279,817,49,0.586861410013436,-0.6863338032643626
R175,1575633600,762,1453,691,2215,49,1.3644303103865214,0.7822804675982583
R175,1575648000,1447,850,-597,2297,49,-1.066416154857493,0.8684223633140916
R175,1575662400,2018,1165,-853,3183,49,-1.5495657628563035,1.7991750414144365
R175,1575676800,801,463,-338,1264,49,-0.5776046373899468,-0.21675542052073488
R175,1575691200,321,106,-215,427,49,-0.3454663491717684,-1.0960330633762525
R175,1575705600,136,230,94,366,49,0.23771032610804563,-1.1601142297014455
R175,1575720000,385,823,438,1208,49,0.8869426118564471,-0.2755840322291088
R175,1575734400,829,1160,331,1989,49,0.6850011741381943,0.544864998918035
R175,1575748800,939,849,-90,1788,49,-0.10955345464109931,0.33371230332190704
R175,1575763200,580,452,-128,1032,49,-0.1812709745784227,-0.4604739547411412
R175,1575777600,342,93,-249,435,49,-0.4096346564841104,-1.087628975989342
R175,1575792000,125,178,53,303,49,0.16033089670198616,-1.2262964178733664
R175,1575806400,308,665,357,973,49,0.7340710562005734,-0.5224540992196066
R175,1575820800,600,918,318,1518,49,0.6604662331070047,0.05007435401367552
R175,1575835200,699,656,-43,1355,49,-0.020850206297567706,-0.12115892649462721
R175,1575849600,410,219,-191,629,49,-0.30017107342187993,-0.8838298568567609
R175,1575864000,115,49,-66,164,49,-0.06425817889121083,-1.3723174362209374
R175,1575878400,243,530,287,773,49,0.6019598352633988,-0.7325562838923707
R175,1575892800,667,1698,1031,2365,49,2.006113383509941,0.9398571061028315
R175,1575907200,1200,731,-469,1931,49,-0.8248413508580881,0.48393536536293336
R175,1575921600,2242,977,-1265,3219,49,-2.3271346632293888,1.836993434655534
R175,1575936000,732,276,-456,1008,50,-0.6518493190177143,-0.5182511539451516
R175,1575950400,174,47,-127,221,50,-0.031130285857575355,-1.2923608580665782
R175,1575964800,267,535,268,802,50,0.714109890732865,-0.7208770739566052
R175,1575979200,698,1630,932,2328,50,1.966868061001352,0.7801285276816373
R175,1575993600,1236,714,-522,1950,50,-0.7763704624480157,0.4083198006703296
R175,1576008000,1809,1026,-783,2835,50,-1.2687949841951167,1.278824359942836
R175,1576022400,867,350,-517,1217,50,-0.7669370424911747,-0.3126743710209101
R175,1576036800,171,64,-107,235,50,0.006603393969788712,-1.2785901644735667
R175,1576051200,255,493,238,748,50,0.6575093709918188,-0.7739926063867919
R175,1576065600,725,1694,969,2419,50,2.0366753686819754,0.8696380360362114
R175,1576080000,1213,769,-444,1982,50,-0.6292091111212958,0.4397956717400699
R175,1576094400,2022,1182,-840,3204,50,-1.3763359717031043,1.641780498215779
R175,1576108800,911,565,-346,1476,50,-0.4443140799672119,-0.057916539550199216
R175,1576123200,428,121,-307,549,50,-0.370733404303852,-0.9697331796017397
R175,1576137600,240,543,303,783,50,0.7801438304307521,-0.7395658724042634
R175,1576152000,727,1678,951,2405,50,2.002715056837348,0.8558673424432001
R175,1576166400,1366,885,-481,2251,50,-0.6990164188019193,0.7043897129200747
R175,1576180800,2223,1022,-1201,3245,50,-2.057428892587026,1.682108958023884
R175,1576195200,2442,1612,-830,4054,50,-1.3574691317894223,2.4778583235057567
R175,1576209600,274,59,-215,333,50,-0.19715847709797726,-1.182195309322487
R175,1576224000,257,492,235,749,50,0.6518493190177143,-0.7730089854158626
R175,1576238400,725,1491,766,2216,50,1.6536785184342302,0.6699629789375461
R175,1576252800,1345,932,-413,2277,50,-0.5707219073888815,0.7299638581642387
R175,1576267200,1992,1153,-839,3145,50,-1.3744492877117362,1.5837468609309453
R175,1576281600,843,401,-442,1244,50,-0.6254357431385594,-0.2861166048058167
R175,1576296000,327,94,-233,421,50,-0.2311187889426049,-1.0956366638807011
R175,1576310400,137,182,45,319,50,0.2933793606577556,-1.1959660029154984
R175,1576324800,385,696,311,1081,50,0.7952373023616978,-0.44644682306730654
R175,1576339200,727,829,102,1556,50,0.40092034816574323,0.020773138124151633
R175,1576353600,1643,1195,-448,2838,50,-0.6367558470867687,1.281775222855624
R175,1576368000,617,457,-160,1074,50,-0.09339085757272607,-0.45333216986381225
R175,1576382400,324,130,-194,454,50,-0.157538113279245,-1.0631771718400314
R175,1576396800,125,119,-6,244,50,0.19715847709797726,-1.2697375757352023
R175,1576411200,303,648,345,951,50,0.8593845580682167,-0.5743175492881266
R175,1576425600,621,882,261,1503,50,0.7009031027932876,-0.031358773335105804
R175,1576440000,696,629,-67,1325,50,0.08207075362451685,-0.20644330616053644
R175,1576454400,458,268,-190,726,50,-0.14999137731377216,-0.7956322677472384
R175,1576468800,102,48,-54,150,50,0.1065976455123035,-1.3621979470025645
R175,1576483200,247,542,295,789,50,0.7650503584998065,-0.7336641465786872
R175,1576497600,671,1607,936,2278,50,1.9744147969668249,0.730947479135168
R175,1576512000,1186,803,-383,1989,50,-0.5141213876478354,0.4466810185365756
R175,1576526400,2042,1049,-993,3091,50,-1.6649986223824396,1.5306313285007584
R175,1576540800,746,323,-423,1069,51,-0.6808663483497582,-0.2993287102782636
R175,1576555200,200,65,-135,265,51,-0.06945140034391742,-1.246100149832067
R175,1576569600,250,505,255,755,51,0.7585063417473252,-0.6690877053278833
R175,1576584000,719,1672,953,2391,51,2.240338403233703,1.2574273134656768
R175,1576598400,1165,648,-517,1813,51,-0.8804253938794423,0.5767881442342112
R175,1576612800,1978,960,-1018,2938,51,-1.9440326471812692,1.9015616137591227
R175,1576627200,815,298,-517,1113,51,-0.8804253938794423,-0.24751534791462257
R175,1576641600,215,70,-145,285,51,-0.09068108603856466,-1.2225486214849575
R175,1576656000,269,501,232,770,51,0.7096780646496366,-0.6514240590675512
R175,1576670400,733,1634,901,2367,51,2.1299440376215375,1.2291654794491456
R175,1576684800,1309,856,-453,2165,51,-0.7445554054336999,0.9912950431433392
R175,1576699200,2062,984,-1078,3046,51,-2.071410761349153,2.028739866833514
R175,1576713600,830,323,-507,1153,51,-0.8591957081847951,-0.2004122912204035
R175,1576728000,198,67,-131,265,51,-0.06095952606605851,-1.246100149832067
R175,1576742400,245,528,283,773,51,0.8179494616923375,-0.6478913298154847
R175,1576756800,706,1510,804,2216,51,1.9240160863834592,1.0513514404284685
R175,1576771200,1270,854,-416,2124,51,-0.6660055683635051,0.9430144100317646
R175,1576785600,2262,1166,-1096,3428,51,-2.1096241955995176,2.4785740582633062
R175,1576800000,825,343,-482,1168,51,-0.8061214939481769,-0.18274864496007134
R175,1576814400,234,83,-151,317,51,-0.10341889745535301,-1.1848661761295822
R175,1576828800,272,475,203,747,51,0.6481119761351596,-0.6785083166667271
R175,1576843200,653,1336,683,1989,51,1.6671368894782275,0.7840415936887752
R175,1576857600,1047,952,-95,1999,51,0.015467342434671578,0.79581735786233
R175,1576872000,1439,1052,-387,2491,51,-0.6044394798490281,1.3751849552012245
R175,1576886400,768,457,-311,1225,51,-0.443093868569709,-0.11562678917080915
R175,1576900800,279,87,-192,366,51,-0.19046060880340673,-1.1271649316791639
R175,1576915200,137,167,30,304,51,0.28083841361776213,-1.2001746695552034
R175,1576929600,340,677,337,1017,51,0.9325897644434327,-0.36056268398074837
R175,1576944000,726,875,149,1601,51,0.5334716733840644,0.3271419437548502
R175,1576958400,1001,726,-275,1727,51,-0.3666670000689789,0.47551657234164024
R175,1576972800,581,326,-255,907,51,-0.3242076286796844,-0.4900960898898508
R175,1576987200,250,72,-178,322,51,-0.16073904883090057,-1.1789782940428049
R175,1577001600,129,119,-10,248,51,0.1959196708391732,-1.26611894892711
R175,1577016000,267,560,293,827,51,0.8391791473869847,-0.584302203278289
R175,1577030400,658,847,189,1505,51,0.6183904161626534,0.21409460768872438
R175,1577044800,883,537,-346,1420,51,-0.5173977685009744,0.11400061221350884
R175,1577059200,480,195,-285,675,51,-0.3878966857636262,-0.7632938187163214
R175,1577073600,121,46,-75,167,51,0.057926713823966074,-1.3615026387329037
R175,1577088000,164,424,260,588,51,0.7691211845946488,-0.865742967026248
R175,1577102400,520,962,442,1482,51,1.155501464237229,0.18701035008954842
R175,1577116800,996,788,-208,1784,51,-0.22442810591484233,0.5426384281309025
R175,1577131200,1193,569,-624,1762,51,-1.1075830308121677,0.516731746949082
R175,1577145600,569,222,-347,791,52,-1.247392427375427,-0.08218432282190027
R175,1577160000,136,65,-71,201,52,-0.04571595283574864,-1.134381439601382
R175,1577174400,137,303,166,440,52,0.9861584111711492,-0.7081524380585072
R175,1577188800,478,650,172,1128,52,1.012281812791577,0.5188164032029902
R175,1577203200,788,679,-109,1467,52,-0.211164163098458,1.1233838991152687
R175,1577217600,793,383,-410,1176,52,-1.521688144389919,0.604418880500304
R175,1577232000,366,228,-138,594,52,-0.33742727093052566,-0.4335111567296256
R175,1577246400,159,58,-101,217,52,-0.1763329609378876,-1.1058472805022777
R175,1577260800,75,82,7,157,52,0.2938882682298127,-1.2128503771239199
R175,1577275200,177,223,46,400,52,0.46369037876259334,-0.7794878358062688
R175,1577289600,439,425,-14,864,52,0.2024563625583154,0.04800277806776443
R175,1577304000,454,295,-159,749,52,-0.42885917660202294,-0.15708649045704984
R175,1577318400,232,139,-93,371,52,-0.14150175877731722,-0.8312059991733959
R175,1577332800,57,47,-10,104,52,0.2198719636386006,-1.3073697791397036
R175,1577347200,109,349,240,458,52,1.3083470311564254,-0.6760515090720146
R175,1577361600,358,694,336,1052,52,1.7263214570832701,0.3832791474822434
R175,1577376000,868,766,-102,1634,52,-0.1806868612079589,1.421209184712173
R175,1577390400,1115,588,-527,1703,52,-2.0310944759882608,1.5442627458270615
R175,1577404800,569,239,-330,808,52,-1.173376122784215,-0.05186677877910165
R175,1577419200,168,64,-104,232,52,-0.18939466174810152,-1.079096506346867
R175,1577433600,131,357,226,488,52,1.247392427375427,-0.6225499607611935
R175,1577448000,440,797,357,1237,52,1.8177533627547673,0.7132053620656402
R175,1577462400,984,899,-85,1883,52,-0.10667055661674682,1.865272035691988
R175,1577476800,1169,767,-402,1936,52,-1.4868569422293485,1.9597914377077719
